VARIABLES = \
"Time_Iter","Outer_Iter","Inner_Iter",   "rms[Rho_0]"   ,   "rms[Rho_1]"   ,   "rms[Rho_2]"   ,   "rms[Rho_3]"   ,   "rms[Rho_4]"   ,    "rms[RhoU]"   ,    "rms[RhoV]"   ,    "rms[RhoE]"   ,   "rms[RhoEve]"  
          0,           0,           0,     -0.9181687545,      -1.442931644,               -32,               -32,      -24.92179662,       2.427106698,      -13.47724076,       5.437039668,      0.9907542773
          0,           0,           1,      -0.553794919,      -1.078557808,      -18.15752105,      -18.48262478,      -18.43228074,       2.813898524,       2.347195855,       5.836168595,       1.355129973
          0,           0,           2,     -0.4301444397,     -0.9549073289,      -17.73746891,      -18.06738005,      -18.01064922,       2.935611891,       2.384688946,       5.956725758,       1.478790287
          0,           0,           3,     -0.5403298476,      -1.065092737,      -17.79739034,      -18.12695306,       -18.0705461,       2.821846132,       2.221964806,       5.845569278,       1.368636862
          0,           0,           4,      -0.727435821,       -1.25219871,      -17.84481511,      -18.17387447,      -18.11788369,       2.629895594,       2.031174934,       5.659210516,       1.181853137
          0,           0,           5,     -0.8937189395,      -1.418481829,      -17.80041938,      -18.12941925,      -18.07358744,       2.450478422,       1.967099597,       5.481106272,        1.01747491
          0,           0,           6,     -0.9175936341,      -1.442356524,      -17.77850225,       -18.1077219,      -18.05167647,       2.406849859,       1.987252446,       5.447246653,      0.9973261254
          0,           0,           7,     -0.9378266195,      -1.462589509,      -17.71749345,      -18.04730307,       -17.9905449,        2.38302524,       1.949545241,       5.428237053,      0.9808232796
          0,           0,           8,      -1.040354872,      -1.565117761,      -17.78078322,      -18.11035466,       -18.0539048,       2.279240895,       1.856267788,         5.3244987,      0.8875735024
          0,           0,           9,      -1.126550143,      -1.651313032,      -17.75036337,      -18.08020298,      -18.02344401,       2.189355223,       1.820036611,       5.235703223,      0.8078537602
          0,           0,          10,      -1.155457226,      -1.680220115,       -17.7458872,      -18.07560436,      -18.01900313,       2.161044024,       1.789697754,       5.199904625,      0.7702485102
