NMARK= 1
MARKER_TAG= inlet
NROW=40
NCOL=6
# COORD-X       COORD-Y         TEMPERATURE PRESSURE    NORMAL-X    NORMAL-Y   
2.500000000000000E-01	0.000000000000000E+00	3.00E+02	1.00E+05	0.258819045102521	0.965925826289068
1.767766952966369E-01	1.767766952966369E-01	3.00E+02	1.00E+05	-0.500000000000000	0.866025403784438
2.499493072459905E-01	5.034263327383347E-03	3.00E+02	1.00E+05	0.239315664244737	0.970941817436606
2.497972495420333E-01	1.006648504867280E-02	3.00E+02	1.00E+05	0.219715230828957	0.975564050865846
2.495438885538503E-01	1.509462438828861E-02	3.00E+02	1.00E+05	0.200025693647586	0.979790652068493
2.491893270297094E-01	2.011664222678663E-02	3.00E+02	1.00E+05	0.180255037625995	0.983619906981580
2.487337087594562E-01	2.513050192029674E-02	3.00E+02	1.00E+05	0.160411280614037	0.987050262677522
2.481772185152058E-01	3.013417014048669E-02	3.00E+02	1.00E+05	0.140502470079281	0.990080328004562
2.475200819771709E-01	3.512561768872698E-02	3.00E+02	1.00E+05	0.120536679884526	0.992708874143077
2.467625656421325E-01	4.010282032117270E-02	3.00E+02	1.00E+05	0.100522007005176	0.994934835106125
2.459049767154736E-01	4.506375956977408E-02	3.00E+02	1.00E+05	0.080466568245322	0.996757308172266
2.449476629839826E-01	5.000642357422982E-02	3.00E+02	1.00E+05	0.060378496891637	0.998175554255416
2.438910126786638E-01	5.492880787506563E-02	3.00E+02	1.00E+05	0.040265939507129	0.999188998195841
2.427354543164052E-01	5.982891623461336E-02	3.00E+02	1.00E+05	0.020137052595201	0.999797228998350
2.414814565252971E-01	6.470476145092453E-02	3.00E+02	1.00E+05	-0.000000000725912	1.000000000000000
2.401295278517737E-01	6.955436617268690E-02	3.00E+02	1.00E+05	-0.020137054071399	0.999797228968617
2.386802165632828E-01	7.437576366871414E-02	3.00E+02	1.00E+05	-0.040265940967246	0.999188998137000
2.371341104130400E-01	7.916699867126549E-02	3.00E+02	1.00E+05	-0.060378498352116	0.998175554167073
2.354918364160136E-01	8.392612812118465E-02	3.00E+02	1.00E+05	-0.080466569688263	0.996757308055779
2.337540605824723E-01	8.865122199499496E-02	3.00E+02	1.00E+05	-0.100522008433035	0.994934834961863
2.319214876472414E-01	9.334036408483977E-02	3.00E+02	1.00E+05	-0.120536681332625	0.992708873967246
2.299948608085679E-01	9.799165271413410E-02	3.00E+02	1.00E+05	-0.140502471457483	0.990080327808981
2.279749613929371E-01	1.026032015966794E-01	3.00E+02	1.00E+05	-0.160411281868690	0.987050262473621
2.258626085476167E-01	1.071731405720017E-01	3.00E+02	1.00E+05	-0.180255038777386	0.983619906770579
2.236586589224918E-01	1.116996163332376E-01	3.00E+02	1.00E+05	-0.200025694686499	0.979790651856397
2.213640063147899E-01	1.161807931986421E-01	3.00E+02	1.00E+05	-0.219715231739422	0.975564050660792
2.189795812966159E-01	1.206148538744660E-01	3.00E+02	1.00E+05	-0.239315665053155	0.970941817237349
2.165063508573367E-01	1.250000001537592E-01	3.00E+02	1.00E+05	-0.258819045788505	0.965925826105259
2.139453179932279E-01	1.293344536802803E-01	3.00E+02	1.00E+05	-0.278217464526430	0.960518111454690
2.112975213040791E-01	1.336164566614167E-01	3.00E+02	1.00E+05	-0.297503054440180	0.954720866326259
2.085640345930927E-01	1.378442725478692E-01	3.00E+02	1.00E+05	-0.316667994335611	0.948536441768824
2.057459664082494E-01	1.420161867771964E-01	3.00E+02	1.00E+05	-0.335704511998831	0.941967345837225
2.028444595754402E-01	1.461305074908987E-01	3.00E+02	1.00E+05	-0.354604887450140	0.935016242530831
1.998606907991900E-01	1.501855661282753E-01	3.00E+02	1.00E+05	-0.373361455651877	0.927685950865653
1.967958701175176E-01	1.541797182014844E-01	3.00E+02	1.00E+05	-0.391966610067396	0.919979443570493
1.936512404254705E-01	1.581113439373551E-01	3.00E+02	1.00E+05	-0.410412805634104	0.911899845910473
1.904280770223412E-01	1.619788488709970E-01	3.00E+02	1.00E+05	-0.428692561525753	0.903450434552161
1.871276870303633E-01	1.657806645742091E-01	3.00E+02	1.00E+05	-0.446798464568607	0.894634636071696
1.837514088870673E-01	1.695152492609966E-01	3.00E+02	1.00E+05	-0.464723172106527	0.885456025620271
1.803006118273587E-01	1.731810883863481E-01	3.00E+02	1.00E+05	-0.482459414850665	0.875918325542943
