NMARK= 1
MARKER_TAG= inlet
NROW=79
NCOL=6
# COORD-X       COORD-Y         TEMPERATURE PRESSURE    NORMAL-X    NORMAL-Y   
2.500000000000000E-01	0.000000000000000E+00	3.00E+02	1.00E+05	0.258819045102521	0.965925826289068
1.767766952966369E-01	1.767766952966369E-01	3.00E+02	1.00E+05	-0.500000000000000	0.866025403784438
2.499493072459905E-01	5.034263327383347E-03	3.00E+02	1.00E+05	0.239315664244737	0.970941817436606
2.497972495420333E-01	1.006648504867280E-02	3.00E+02	1.00E+05	0.219715230828957	0.975564050865846
2.495438885538503E-01	1.509462438828861E-02	3.00E+02	1.00E+05	0.200025693647586	0.979790652068493
2.491893270297094E-01	2.011664222678663E-02	3.00E+02	1.00E+05	0.180255037625995	0.983619906981580
2.487337087594562E-01	2.513050192029674E-02	3.00E+02	1.00E+05	0.160411280614037	0.987050262677522
2.481772185152058E-01	3.013417014048669E-02	3.00E+02	1.00E+05	0.140502470079281	0.990080328004562
2.475200819771709E-01	3.512561768872698E-02	3.00E+02	1.00E+05	0.120536679884526	0.992708874143077
2.467625656421325E-01	4.010282032117270E-02	3.00E+02	1.00E+05	0.100522007005176	0.994934835106125
2.459049767154736E-01	4.506375956977408E-02	3.00E+02	1.00E+05	0.080466568245322	0.996757308172266
2.449476629839826E-01	5.000642357422982E-02	3.00E+02	1.00E+05	0.060378496891637	0.998175554255416
2.438910126786638E-01	5.492880787506563E-02	3.00E+02	1.00E+05	0.040265939507129	0.999188998195841
2.427354543164052E-01	5.982891623461336E-02	3.00E+02	1.00E+05	0.020137052595201	0.999797228998350
2.414814565252971E-01	6.470476145092453E-02	3.00E+02	1.00E+05	-0.000000000725912	1.000000000000000
2.401295278517737E-01	6.955436617268690E-02	3.00E+02	1.00E+05	-0.020137054071399	0.999797228968617
2.386802165632828E-01	7.437576366871414E-02	3.00E+02	1.00E+05	-0.040265940967246	0.999188998137000
2.371341104130400E-01	7.916699867126549E-02	3.00E+02	1.00E+05	-0.060378498352116	0.998175554167073
2.354918364160136E-01	8.392612812118465E-02	3.00E+02	1.00E+05	-0.080466569688263	0.996757308055779
2.337540605824723E-01	8.865122199499496E-02	3.00E+02	1.00E+05	-0.100522008433035	0.994934834961863
2.319214876472414E-01	9.334036408483977E-02	3.00E+02	1.00E+05	-0.120536681332625	0.992708873967246
2.299948608085679E-01	9.799165271413410E-02	3.00E+02	1.00E+05	-0.140502471457483	0.990080327808981
2.279749613929371E-01	1.026032015966794E-01	3.00E+02	1.00E+05	-0.160411281868690	0.987050262473621
2.258626085476167E-01	1.071731405720017E-01	3.00E+02	1.00E+05	-0.180255038777386	0.983619906770579
2.236586589224918E-01	1.116996163332376E-01	3.00E+02	1.00E+05	-0.200025694686499	0.979790651856397
2.213640063147899E-01	1.161807931986421E-01	3.00E+02	1.00E+05	-0.219715231739422	0.975564050660792
2.189795812966159E-01	1.206148538744660E-01	3.00E+02	1.00E+05	-0.239315665053155	0.970941817237349
2.165063508573367E-01	1.250000001537592E-01	3.00E+02	1.00E+05	-0.258819045788505	0.965925826105259
2.139453179932279E-01	1.293344536802803E-01	3.00E+02	1.00E+05	-0.278217464526430	0.960518111454690
2.112975213040791E-01	1.336164566614167E-01	3.00E+02	1.00E+05	-0.297503054440180	0.954720866326259
2.085640345930927E-01	1.378442725478692E-01	3.00E+02	1.00E+05	-0.316667994335611	0.948536441768824
2.057459664082494E-01	1.420161867771964E-01	3.00E+02	1.00E+05	-0.335704511998831	0.941967345837225
2.028444595754402E-01	1.461305074908987E-01	3.00E+02	1.00E+05	-0.354604887450140	0.935016242530831
1.998606907991900E-01	1.501855661282753E-01	3.00E+02	1.00E+05	-0.373361455651877	0.927685950865653
1.967958701175176E-01	1.541797182014844E-01	3.00E+02	1.00E+05	-0.391966610067396	0.919979443570493
1.936512404254705E-01	1.581113439373551E-01	3.00E+02	1.00E+05	-0.410412805634104	0.911899845910473
1.904280770223412E-01	1.619788488709970E-01	3.00E+02	1.00E+05	-0.428692561525753	0.903450434552161
1.871276870303633E-01	1.657806645742091E-01	3.00E+02	1.00E+05	-0.446798464568607	0.894634636071696
1.837514088870673E-01	1.695152492609966E-01	3.00E+02	1.00E+05	-0.464723172106527	0.885456025620271
1.803006118273587E-01	1.731810883863481E-01	3.00E+02	1.00E+05	-0.482459414850665	0.875918325542943
2.775557561562891E-17	2.500000000000000E-01	3.00E+02	1.00E+05	-0.965925826289068	0.258819045102521
1.731810883694482E-01	1.803006118435912E-01	3.00E+02	1.00E+05	-0.517337814215398	0.855781272278632
1.695152492322904E-01	1.837514089135495E-01	3.00E+02	1.00E+05	-0.534465826199934	0.845190085498181
1.657806645356649E-01	1.871276870645103E-01	3.00E+02	1.00E+05	-0.551377089831069	0.834256138610572
1.619788488087553E-01	1.904280770752842E-01	3.00E+02	1.00E+05	-0.568064746888379	0.822983865785133
1.581113438510279E-01	1.936512404959546E-01	3.00E+02	1.00E+05	-0.584522029810235	0.811377838412243
1.541797180963503E-01	1.967958701998849E-01	3.00E+02	1.00E+05	-0.600742264484907	0.799442763217946
1.501855659848427E-01	1.998606909069727E-01	3.00E+02	1.00E+05	-0.616718872922572	0.787183480378693
1.461305073147356E-01	2.028444597023493E-01	3.00E+02	1.00E+05	-0.632445375930418	0.774604961554102
1.420161865854840E-01	2.057459665405789E-01	3.00E+02	1.00E+05	-0.647915395740781	0.761712307870936
1.378442723195464E-01	2.085640347439959E-01	3.00E+02	1.00E+05	-0.663122658638717	0.748510747818573
1.336164564045855E-01	2.112975214664893E-01	3.00E+02	1.00E+05	-0.678060997434934	0.735005635187611
1.293344534009905E-01	2.139453181620646E-01	3.00E+02	1.00E+05	-0.692724353993076	0.721202446879429
1.249999998428354E-01	2.165063510368487E-01	3.00E+02	1.00E+05	-0.707106781699845	0.707106780673250
1.206148535252740E-01	2.189795814889522E-01	3.00E+02	1.00E+05	-0.721202447902235	0.692724352928222
1.161807928208952E-01	2.213640065130468E-01	3.00E+02	1.00E+05	-0.735005636178462	0.678060996360869
1.116996159170619E-01	2.236586591303383E-01	3.00E+02	1.00E+05	-0.748510748788819	0.663122657543536
1.071731401306157E-01	2.258626087570570E-01	3.00E+02	1.00E+05	-0.761712308808881	0.647915394638099
1.026032011346223E-01	2.279749616008922E-01	3.00E+02	1.00E+05	-0.774604962461742	0.632445374818761
9.799165221542505E-02	2.299948610210480E-01	3.00E+02	1.00E+05	-0.787183481278322	0.616718871774280
9.334036358195312E-02	2.319214878496358E-01	3.00E+02	1.00E+05	-0.799442764054186	0.600742263372075
8.865122152122480E-02	2.337540607621496E-01	3.00E+02	1.00E+05	-0.811377839155236	0.584522028778882
8.392612766098094E-02	2.354918365800239E-01	3.00E+02	1.00E+05	-0.822983866450090	0.568064745925022
7.916699823001513E-02	2.371341105603510E-01	3.00E+02	1.00E+05	-0.834256139195219	0.551377088946473
7.437576326141793E-02	2.386802166902014E-01	3.00E+02	1.00E+05	-0.845190085996982	0.534465825411144
6.955436578976856E-02	2.401295279626874E-01	3.00E+02	1.00E+05	-0.855781272709374	0.517337813502864
6.470476110413406E-02	2.414814566182192E-01	3.00E+02	1.00E+05	-0.866025404139530	0.499999999384963
5.982891591774013E-02	2.427354543945074E-01	3.00E+02	1.00E+05	-0.875918325873274	0.482459414250941
5.492880757861716E-02	2.438910127454295E-01	3.00E+02	1.00E+05	-0.885456025937955	0.464723171501231
5.000642330607658E-02	2.449476630387265E-01	3.00E+02	1.00E+05	-0.894634636356748	0.446798463997840
4.506375934064191E-02	2.459049767574636E-01	3.00E+02	1.00E+05	-0.903450434807090	0.428692560988502
4.010282010686825E-02	2.467625656769603E-01	3.00E+02	1.00E+05	-0.911899846171002	0.410412805055230
3.512561751109097E-02	2.475200820023792E-01	3.00E+02	1.00E+05	-0.919979443793717	0.391966609543471
3.013417000790317E-02	2.481772185313043E-01	3.00E+02	1.00E+05	-0.927685951078281	0.373361455123563
2.513050180941438E-02	2.487337087706590E-01	3.00E+02	1.00E+05	-0.935016242755934	0.354604886856592
2.011664214533873E-02	2.491893270362845E-01	3.00E+02	1.00E+05	-0.941967346036857	0.335704511438675
1.509462433688817E-02	2.495438885569596E-01	3.00E+02	1.00E+05	-0.948536441970854	0.316667993730456
1.006648500964877E-02	2.497972495436059E-01	3.00E+02	1.00E+05	-0.954720866529632	0.297503053787534
5.034263303955219E-03	2.499493072464624E-01	3.00E+02	1.00E+05	-0.960518111645180	0.278217463868783
