0 0 0 9.3232734560603451e-51 0 -3.6161543196496199e-51 0 1e-50 0 3.6161543196496199e-51 0 9.3232734560603451e-51 1.6174284719637456e-51 2.5e-51 7.1338989205134065e-52
0 0 0 9.3232734560603451e-51 0 -3.6161543196496199e-51 0 1e-50 0 3.6161543196496199e-51 0 9.3232734560603451e-51 3.2348569439274913e-51 2.5e-51 1.4267797841026813e-51
0 0 0 9.3232734560603451e-51 0 -3.6161543196496199e-51 0 1e-50 0 3.6161543196496199e-51 0 9.3232734560603451e-51 5.1136560179863742e-51 1.25e-51 -6.4266797781726682e-52
0 0 0 9.3232734560603451e-51 0 -3.6161543196496199e-51 0 1e-50 0 3.6161543196496199e-51 0 9.3232734560603451e-51 7.8964936719576638e-51 1.25e-51 -3.8129737572212859e-52
0 0 0 9.3232734560603451e-51 0 -3.6161543196496199e-51 0 1e-50 0 3.6161543196496199e-51 0 9.3232734560603451e-51 0 0 0
0 0 0 9.3232734560603451e-51 0 -3.6161543196496199e-51 0 1e-50 0 3.6161543196496199e-51 0 9.3232734560603451e-51 9.3232734560603451e-51 0 -3.6161543196496199e-51
0 0 0 9.3232734560603451e-51 0 -3.6161543196496199e-51 0 1e-50 0 3.6161543196496199e-51 0 9.3232734560603451e-51 1.2939427775709965e-50 1e-50 5.7071191364107252e-51
9.9999999999999997e-48 9.9999999999999997e-48 9.9999999999999997e-48 1.0009323273456061e-47 9.9999999999999997e-48 9.9963838456803503e-48 9.9999999999999997e-48 1.001e-47 9.9999999999999997e-48 1.000361615431965e-47 9.9999999999999997e-48 1.0009323273456061e-47 1.0001617428471964e-47 1.00025e-47 1.0000713389892051e-47
9.9999999999999997e-48 9.9999999999999997e-48 9.9999999999999997e-48 1.0009323273456061e-47 9.9999999999999997e-48 9.9963838456803503e-48 9.9999999999999997e-48 1.001e-47 9.9999999999999997e-48 1.000361615431965e-47 9.9999999999999997e-48 1.0009323273456061e-47 1.0003234856943928e-47 1.00025e-47 1.0001426779784102e-47
9.9999999999999997e-48 9.9999999999999997e-48 9.9999999999999997e-48 1.0009323273456061e-47 9.9999999999999997e-48 9.9963838456803503e-48 9.9999999999999997e-48 1.001e-47 9.9999999999999997e-48 1.000361615431965e-47 9.9999999999999997e-48 1.0009323273456061e-47 1.0005113656017986e-47 1.000125e-47 9.9993573320221829e-48
9.9999999999999997e-48 9.9999999999999997e-48 9.9999999999999997e-48 1.0009323273456061e-47 9.9999999999999997e-48 9.9963838456803503e-48 9.9999999999999997e-48 1.001e-47 9.9999999999999997e-48 1.000361615431965e-47 9.9999999999999997e-48 1.0009323273456061e-47 1.0007896493671958e-47 1.000125e-47 9.9996187026242772e-48
9.9999999999999997e-48 9.9999999999999997e-48 9.9999999999999997e-48 1.0009323273456061e-47 9.9999999999999997e-48 9.9963838456803503e-48 9.9999999999999997e-48 1.001e-47 9.9999999999999997e-48 1.000361615431965e-47 9.9999999999999997e-48 1.0009323273456061e-47 9.9999999999999997e-48 9.9999999999999997e-48 9.9999999999999997e-48
9.9999999999999997e-48 9.9999999999999997e-48 9.9999999999999997e-48 1.0009323273456061e-47 9.9999999999999997e-48 9.9963838456803503e-48 9.9999999999999997e-48 1.001e-47 9.9999999999999997e-48 1.000361615431965e-47 9.9999999999999997e-48 1.0009323273456061e-47 1.0009323273456061e-47 9.9999999999999997e-48 9.9963838456803503e-48
9.9999999999999997e-48 9.9999999999999997e-48 9.9999999999999997e-48 1.0009323273456061e-47 9.9999999999999997e-48 9.9963838456803503e-48 9.9999999999999997e-48 1.001e-47 9.9999999999999997e-48 1.000361615431965e-47 9.9999999999999997e-48 1.0009323273456061e-47 1.001293942777571e-47 1.001e-47 1.0005707119136411e-47
0 0 0 0.93232734560603447 0 -0.36161543196496199 0 1 0 0.36161543196496199 0 0.93232734560603447 0.16174284719637455 0.25 0.071338989205134068
0 0 0 0.93232734560603447 0 -0.36161543196496199 0 1 0 0.36161543196496199 0 0.93232734560603447 0.3234856943927491 0.25 0.14267797841026814
0 0 0 0.93232734560603447 0 -0.36161543196496199 0 1 0 0.36161543196496199 0 0.93232734560603447 0.51136560179863744 0.125 -0.064266797781726684
0 0 0 0.93232734560603447 0 -0.36161543196496199 0 1 0 0.36161543196496199 0 0.93232734560603447 0.78964936719576639 0.125 -0.038129737572212857
0 0 0 0.93232734560603447 0 -0.36161543196496199 0 1 0 0.36161543196496199 0 0.93232734560603447 0 0 0
0 0 0 0.93232734560603447 0 -0.36161543196496199 0 1 0 0.36161543196496199 0 0.93232734560603447 0.93232734560603447 0 -0.36161543196496199
0 0 0 0.93232734560603447 0 -0.36161543196496199 0 1 0 0.36161543196496199 0 0.93232734560603447 1.2939427775709964 1 0.57071191364107254
1000 1000 1000 1000.932327345606 1000 999.63838456803501 1000 1001 1000 1000.361615431965 1000 1000.932327345606 1000.1617428471964 1000.25 1000.0713389892052
1000 1000 1000 1000.932327345606 1000 999.63838456803501 1000 1001 1000 1000.361615431965 1000 1000.932327345606 1000.3234856943927 1000.25 1000.1426779784102
1000 1000 1000 1000.932327345606 1000 999.63838456803501 1000 1001 1000 1000.361615431965 1000 1000.932327345606 1000.5113656017986 1000.125 999.93573320221833
1000 1000 1000 1000.932327345606 1000 999.63838456803501 1000 1001 1000 1000.361615431965 1000 1000.932327345606 1000.7896493671958 1000.125 999.96187026242774
1000 1000 1000 1000.932327345606 1000 999.63838456803501 1000 1001 1000 1000.361615431965 1000 1000.932327345606 1000 1000 1000
1000 1000 1000 1000.932327345606 1000 999.63838456803501 1000 1001 1000 1000.361615431965 1000 1000.932327345606 1000.932327345606 1000 999.63838456803501
1000 1000 1000 1000.932327345606 1000 999.63838456803501 1000 1001 1000 1000.361615431965 1000 1000.932327345606 1001.293942777571 1001 1000.570711913641
0 0 0 9.3232734560603458e+49 0 -3.6161543196496203e+49 0 1.0000000000000001e+50 0 3.6161543196496203e+49 0 9.3232734560603458e+49 1.6174284719637456e+49 2.5000000000000002e+49 7.1338989205134068e+48
0 0 0 9.3232734560603458e+49 0 -3.6161543196496203e+49 0 1.0000000000000001e+50 0 3.6161543196496203e+49 0 9.3232734560603458e+49 3.2348569439274913e+49 2.5000000000000002e+49 1.4267797841026814e+49
0 0 0 9.3232734560603458e+49 0 -3.6161543196496203e+49 0 1.0000000000000001e+50 0 3.6161543196496203e+49 0 9.3232734560603458e+49 5.1136560179863744e+49 1.2500000000000001e+49 -6.4266797781726694e+48
0 0 0 9.3232734560603458e+49 0 -3.6161543196496203e+49 0 1.0000000000000001e+50 0 3.6161543196496203e+49 0 9.3232734560603458e+49 7.8964936719576642e+49 1.2500000000000001e+49 -3.8129737572212861e+48
0 0 0 9.3232734560603458e+49 0 -3.6161543196496203e+49 0 1.0000000000000001e+50 0 3.6161543196496203e+49 0 9.3232734560603458e+49 0 0 0
0 0 0 9.3232734560603458e+49 0 -3.6161543196496203e+49 0 1.0000000000000001e+50 0 3.6161543196496203e+49 0 9.3232734560603458e+49 9.3232734560603458e+49 0 -3.6161543196496203e+49
0 0 0 9.3232734560603458e+49 0 -3.6161543196496203e+49 0 1.0000000000000001e+50 0 3.6161543196496203e+49 0 9.3232734560603458e+49 1.2939427775709965e+50 1.0000000000000001e+50 5.7071191364107255e+49
9.9999999999999999e+52 9.9999999999999999e+52 9.9999999999999999e+52 1.0009323273456062e+53 9.9999999999999999e+52 9.9963838456803501e+52 9.9999999999999999e+52 1.0010000000000002e+53 9.9999999999999999e+52 1.000361615431965e+53 9.9999999999999999e+52 1.0009323273456062e+53 1.0001617428471964e+53 1.0002500000000001e+53 1.0000713389892053e+53
9.9999999999999999e+52 9.9999999999999999e+52 9.9999999999999999e+52 1.0009323273456062e+53 9.9999999999999999e+52 9.9963838456803501e+52 9.9999999999999999e+52 1.0010000000000002e+53 9.9999999999999999e+52 1.000361615431965e+53 9.9999999999999999e+52 1.0009323273456062e+53 1.0003234856943927e+53 1.0002500000000001e+53 1.0001426779784102e+53
9.9999999999999999e+52 9.9999999999999999e+52 9.9999999999999999e+52 1.0009323273456062e+53 9.9999999999999999e+52 9.9963838456803501e+52 9.9999999999999999e+52 1.0010000000000002e+53 9.9999999999999999e+52 1.000361615431965e+53 9.9999999999999999e+52 1.0009323273456062e+53 1.0005113656017987e+53 1.0001250000000002e+53 9.9993573320221836e+52
9.9999999999999999e+52 9.9999999999999999e+52 9.9999999999999999e+52 1.0009323273456062e+53 9.9999999999999999e+52 9.9963838456803501e+52 9.9999999999999999e+52 1.0010000000000002e+53 9.9999999999999999e+52 1.000361615431965e+53 9.9999999999999999e+52 1.0009323273456062e+53 1.000789649367196e+53 1.0001250000000002e+53 9.9996187026242776e+52
9.9999999999999999e+52 9.9999999999999999e+52 9.9999999999999999e+52 1.0009323273456062e+53 9.9999999999999999e+52 9.9963838456803501e+52 9.9999999999999999e+52 1.0010000000000002e+53 9.9999999999999999e+52 1.000361615431965e+53 9.9999999999999999e+52 1.0009323273456062e+53 9.9999999999999999e+52 9.9999999999999999e+52 9.9999999999999999e+52
9.9999999999999999e+52 9.9999999999999999e+52 9.9999999999999999e+52 1.0009323273456062e+53 9.9999999999999999e+52 9.9963838456803501e+52 9.9999999999999999e+52 1.0010000000000002e+53 9.9999999999999999e+52 1.000361615431965e+53 9.9999999999999999e+52 1.0009323273456062e+53 1.0009323273456062e+53 9.9999999999999999e+52 9.9963838456803501e+52
9.9999999999999999e+52 9.9999999999999999e+52 9.9999999999999999e+52 1.0009323273456062e+53 9.9999999999999999e+52 9.9963838456803501e+52 9.9999999999999999e+52 1.0010000000000002e+53 9.9999999999999999e+52 1.000361615431965e+53 9.9999999999999999e+52 1.0009323273456062e+53 1.0012939427775712e+53 1.0010000000000002e+53 1.0005707119136412e+53
0 0 0 9.3232734560603451e-51 0 -3.6161543196496199e-51 0 1e-50 0 3.6161543196496198e-55 0 9.323273456060345e-55 1.1654543839365388e-51 2.5e-51 -4.5190274903800178e-52
0 0 0 9.3232734560603451e-51 0 -3.6161543196496199e-51 0 1e-50 0 3.6161543196496198e-55 0 9.323273456060345e-55 2.3309087678730776e-51 2.5e-51 -9.0380549807600355e-52
0 0 0 9.3232734560603451e-51 0 -3.6161543196496199e-51 0 1e-50 0 3.6161543196496198e-55 0 9.323273456060345e-55 4.6616819299591676e-51 1.25e-51 -1.8079606189066092e-51
0 0 0 9.3232734560603451e-51 0 -3.6161543196496199e-51 0 1e-50 0 3.6161543196496198e-55 0 9.323273456060345e-55 6.9925454959032496e-51 1.25e-51 -2.7118826579008129e-51
0 0 0 9.3232734560603451e-51 0 -3.6161543196496199e-51 0 1e-50 0 3.6161543196496198e-55 0 9.323273456060345e-55 0 0 0
0 0 0 9.3232734560603451e-51 0 -3.6161543196496199e-51 0 1e-50 0 3.6161543196496198e-55 0 9.323273456060345e-55 9.3232734560603451e-51 0 -3.6161543196496199e-51
0 0 0 9.3232734560603451e-51 0 -3.6161543196496199e-51 0 1e-50 0 3.6161543196496198e-55 0 9.323273456060345e-55 9.3236350714923106e-51 1e-50 -3.6152219923040142e-51
9.9999999999999997e-48 9.9999999999999997e-48 9.9999999999999997e-48 1.0009323273456061e-47 9.9999999999999997e-48 9.9963838456803503e-48 9.9999999999999997e-48 1.001e-47 9.9999999999999997e-48 1.0000000361615432e-47 9.9999999999999997e-48 1.0000000932327345e-47 1.0001165454383937e-47 1.00025e-47 9.9995480972509618e-48
9.9999999999999997e-48 9.9999999999999997e-48 9.9999999999999997e-48 1.0009323273456061e-47 9.9999999999999997e-48 9.9963838456803503e-48 9.9999999999999997e-48 1.001e-47 9.9999999999999997e-48 1.0000000361615432e-47 9.9999999999999997e-48 1.0000000932327345e-47 1.0002330908767873e-47 1.00025e-47 9.9990961945019238e-48
9.9999999999999997e-48 9.9999999999999997e-48 9.9999999999999997e-48 1.0009323273456061e-47 9.9999999999999997e-48 9.9963838456803503e-48 9.9999999999999997e-48 1.001e-47 9.9999999999999997e-48 1.0000000361615432e-47 9.9999999999999997e-48 1.0000000932327345e-47 1.0004661681929959e-47 1.000125e-47 9.9981920393810932e-48
9.9999999999999997e-48 9.9999999999999997e-48 9.9999999999999997e-48 1.0009323273456061e-47 9.9999999999999997e-48 9.9963838456803503e-48 9.9999999999999997e-48 1.001e-47 9.9999999999999997e-48 1.0000000361615432e-47 9.9999999999999997e-48 1.0000000932327345e-47 1.0006992545495904e-47 1.000125e-47 9.997288117342099e-48
9.9999999999999997e-48 9.9999999999999997e-48 9.9999999999999997e-48 1.0009323273456061e-47 9.9999999999999997e-48 9.9963838456803503e-48 9.9999999999999997e-48 1.001e-47 9.9999999999999997e-48 1.0000000361615432e-47 9.9999999999999997e-48 1.0000000932327345e-47 9.9999999999999997e-48 9.9999999999999997e-48 9.9999999999999997e-48
9.9999999999999997e-48 9.9999999999999997e-48 9.9999999999999997e-48 1.0009323273456061e-47 9.9999999999999997e-48 9.9963838456803503e-48 9.9999999999999997e-48 1.001e-47 9.9999999999999997e-48 1.0000000361615432e-47 9.9999999999999997e-48 1.0000000932327345e-47 1.0009323273456061e-47 9.9999999999999997e-48 9.9963838456803503e-48
9.9999999999999997e-48 9.9999999999999997e-48 9.9999999999999997e-48 1.0009323273456061e-47 9.9999999999999997e-48 9.9963838456803503e-48 9.9999999999999997e-48 1.001e-47 9.9999999999999997e-48 1.0000000361615432e-47 9.9999999999999997e-48 1.0000000932327345e-47 1.0009323635071493e-47 1.001e-47 9.9963847780076958e-48
0 0 0 0.93232734560603447 0 -0.36161543196496199 0 1 0 3.6161543196496201e-05 0 9.3232734560603443e-05 0.11654543839365387 0.25 -0.045190274903800176
0 0 0 0.93232734560603447 0 -0.36161543196496199 0 1 0 3.6161543196496201e-05 0 9.3232734560603443e-05 0.23309087678730775 0.25 -0.090380549807600352
0 0 0 0.93232734560603447 0 -0.36161543196496199 0 1 0 3.6161543196496201e-05 0 9.3232734560603443e-05 0.46616819299591677 0.125 -0.18079606189066091
0 0 0 0.93232734560603447 0 -0.36161543196496199 0 1 0 3.6161543196496201e-05 0 9.3232734560603443e-05 0.69925454959032496 0.125 -0.27118826579008132
0 0 0 0.93232734560603447 0 -0.36161543196496199 0 1 0 3.6161543196496201e-05 0 9.3232734560603443e-05 0 0 0
0 0 0 0.93232734560603447 0 -0.36161543196496199 0 1 0 3.6161543196496201e-05 0 9.3232734560603443e-05 0.93232734560603447 0 -0.36161543196496199
0 0 0 0.93232734560603447 0 -0.36161543196496199 0 1 0 3.6161543196496201e-05 0 9.3232734560603443e-05 0.932363507149231 1 -0.36152219923040141
1000 1000 1000 1000.932327345606 1000 999.63838456803501 1000 1001 1000 1000.0000361615432 1000 1000.0000932327346 1000.1165454383937 1000.25 999.9548097250962
1000 1000 1000 1000.932327345606 1000 999.63838456803501 1000 1001 1000 1000.0000361615432 1000 1000.0000932327346 1000.2330908767873 1000.25 999.90961945019239
1000 1000 1000 1000.932327345606 1000 999.63838456803501 1000 1001 1000 1000.0000361615432 1000 1000.0000932327346 1000.466168192996 1000.125 999.81920393810935
1000 1000 1000 1000.932327345606 1000 999.63838456803501 1000 1001 1000 1000.0000361615432 1000 1000.0000932327346 1000.6992545495904 1000.125 999.7288117342099
1000 1000 1000 1000.932327345606 1000 999.63838456803501 1000 1001 1000 1000.0000361615432 1000 1000.0000932327346 1000 1000 1000
1000 1000 1000 1000.932327345606 1000 999.63838456803501 1000 1001 1000 1000.0000361615432 1000 1000.0000932327346 1000.932327345606 1000 999.63838456803501
1000 1000 1000 1000.932327345606 1000 999.63838456803501 1000 1001 1000 1000.0000361615432 1000 1000.0000932327346 1000.9323635071493 1001 999.63847780076958
0 0 0 9.3232734560603458e+49 0 -3.6161543196496203e+49 0 1.0000000000000001e+50 0 3.6161543196496202e+45 0 9.323273456060345e+45 1.1654543839365389e+49 2.5000000000000002e+49 -4.5190274903800177e+48
0 0 0 9.3232734560603458e+49 0 -3.6161543196496203e+49 0 1.0000000000000001e+50 0 3.6161543196496202e+45 0 9.323273456060345e+45 2.3309087678730777e+49 2.5000000000000002e+49 -9.0380549807600354e+48
0 0 0 9.3232734560603458e+49 0 -3.6161543196496203e+49 0 1.0000000000000001e+50 0 3.6161543196496202e+45 0 9.323273456060345e+45 4.6616819299591681e+49 1.2500000000000001e+49 -1.8079606189066093e+49
0 0 0 9.3232734560603458e+49 0 -3.6161543196496203e+49 0 1.0000000000000001e+50 0 3.6161543196496202e+45 0 9.323273456060345e+45 6.9925454959032506e+49 1.2500000000000001e+49 -2.7118826579008135e+49
0 0 0 9.3232734560603458e+49 0 -3.6161543196496203e+49 0 1.0000000000000001e+50 0 3.6161543196496202e+45 0 9.323273456060345e+45 0 0 0
0 0 0 9.3232734560603458e+49 0 -3.6161543196496203e+49 0 1.0000000000000001e+50 0 3.6161543196496202e+45 0 9.323273456060345e+45 9.3232734560603458e+49 0 -3.6161543196496203e+49
0 0 0 9.3232734560603458e+49 0 -3.6161543196496203e+49 0 1.0000000000000001e+50 0 3.6161543196496202e+45 0 9.323273456060345e+45 9.3236350714923108e+49 1.0000000000000001e+50 -3.6152219923040142e+49
9.9999999999999999e+52 9.9999999999999999e+52 9.9999999999999999e+52 1.0009323273456062e+53 9.9999999999999999e+52 9.9963838456803501e+52 9.9999999999999999e+52 1.0010000000000002e+53 9.9999999999999999e+52 1.0000000361615432e+53 9.9999999999999999e+52 1.0000000932327347e+53 1.0001165454383938e+53 1.0002500000000001e+53 9.9995480972509621e+52
9.9999999999999999e+52 9.9999999999999999e+52 9.9999999999999999e+52 1.0009323273456062e+53 9.9999999999999999e+52 9.9963838456803501e+52 9.9999999999999999e+52 1.0010000000000002e+53 9.9999999999999999e+52 1.0000000361615432e+53 9.9999999999999999e+52 1.0000000932327347e+53 1.0002330908767873e+53 1.0002500000000001e+53 9.9990961945019243e+52
9.9999999999999999e+52 9.9999999999999999e+52 9.9999999999999999e+52 1.0009323273456062e+53 9.9999999999999999e+52 9.9963838456803501e+52 9.9999999999999999e+52 1.0010000000000002e+53 9.9999999999999999e+52 1.0000000361615432e+53 9.9999999999999999e+52 1.0000000932327347e+53 1.0004661681929959e+53 1.0001250000000002e+53 9.9981920393810945e+52
9.9999999999999999e+52 9.9999999999999999e+52 9.9999999999999999e+52 1.0009323273456062e+53 9.9999999999999999e+52 9.9963838456803501e+52 9.9999999999999999e+52 1.0010000000000002e+53 9.9999999999999999e+52 1.0000000361615432e+53 9.9999999999999999e+52 1.0000000932327347e+53 1.0006992545495904e+53 1.0001250000000002e+53 9.9972881173420994e+52
9.9999999999999999e+52 9.9999999999999999e+52 9.9999999999999999e+52 1.0009323273456062e+53 9.9999999999999999e+52 9.9963838456803501e+52 9.9999999999999999e+52 1.0010000000000002e+53 9.9999999999999999e+52 1.0000000361615432e+53 9.9999999999999999e+52 1.0000000932327347e+53 9.9999999999999999e+52 9.9999999999999999e+52 9.9999999999999999e+52
9.9999999999999999e+52 9.9999999999999999e+52 9.9999999999999999e+52 1.0009323273456062e+53 9.9999999999999999e+52 9.9963838456803501e+52 9.9999999999999999e+52 1.0010000000000002e+53 9.9999999999999999e+52 1.0000000361615432e+53 9.9999999999999999e+52 1.0000000932327347e+53 1.0009323273456062e+53 9.9999999999999999e+52 9.9963838456803501e+52
9.9999999999999999e+52 9.9999999999999999e+52 9.9999999999999999e+52 1.0009323273456062e+53 9.9999999999999999e+52 9.9963838456803501e+52 9.9999999999999999e+52 1.0010000000000002e+53 9.9999999999999999e+52 1.0000000361615432e+53 9.9999999999999999e+52 1.0000000932327347e+53 1.0009323635071494e+53 1.0010000000000002e+53 9.9963847780076975e+52
0 0 0 9.3232734560603451e-51 0 -3.6161543196496199e-51 0 1e-50 0 3.6161543196496197e-57 0 9.3232734560603441e-57 1.165409634026833e-51 2.5e-51 -4.520181245470205e-52
0 0 0 9.3232734560603451e-51 0 -3.6161543196496199e-51 0 1e-50 0 3.6161543196496197e-57 0 9.3232734560603441e-57 2.3308192680536661e-51 2.5e-51 -9.0403624909404099e-52
0 0 0 9.3232734560603451e-51 0 -3.6161543196496199e-51 0 1e-50 0 3.6161543196496197e-57 0 9.3232734560603441e-57 4.661637180049462e-51 1.25e-51 -1.808075994415628e-51
0 0 0 9.3232734560603451e-51 0 -3.6161543196496199e-51 0 1e-50 0 3.6161543196496197e-57 0 9.3232734560603441e-57 6.9924559960838383e-51 1.25e-51 -2.712113408918851e-51
0 0 0 9.3232734560603451e-51 0 -3.6161543196496199e-51 0 1e-50 0 3.6161543196496197e-57 0 9.3232734560603441e-57 0 0 0
0 0 0 9.3232734560603451e-51 0 -3.6161543196496199e-51 0 1e-50 0 3.6161543196496197e-57 0 9.3232734560603441e-57 9.3232734560603451e-51 0 -3.6161543196496199e-51
0 0 0 9.3232734560603451e-51 0 -3.6161543196496199e-51 0 1e-50 0 3.6161543196496197e-57 0 9.3232734560603441e-57 9.3232770722146642e-51 1e-50 -3.616144996376164e-51
9.9999999999999997e-48 9.9999999999999997e-48 9.9999999999999997e-48 1.0009323273456061e-47 9.9999999999999997e-48 9.9963838456803503e-48 9.9999999999999997e-48 1.001e-47 9.9999999999999997e-48 1.0000000003616155e-47 9.9999999999999997e-48 1.0000000009323274e-47 1.0001165409634027e-47 1.00025e-47 9.9995479818754527e-48
9.9999999999999997e-48 9.9999999999999997e-48 9.9999999999999997e-48 1.0009323273456061e-47 9.9999999999999997e-48 9.9963838456803503e-48 9.9999999999999997e-48 1.001e-47 9.9999999999999997e-48 1.0000000003616155e-47 9.9999999999999997e-48 1.0000000009323274e-47 1.0002330819268053e-47 1.00025e-47 9.9990959637509056e-48
9.9999999999999997e-48 9.9999999999999997e-48 9.9999999999999997e-48 1.0009323273456061e-47 9.9999999999999997e-48 9.9963838456803503e-48 9.9999999999999997e-48 1.001e-47 9.9999999999999997e-48 1.0000000003616155e-47 9.9999999999999997e-48 1.0000000009323274e-47 1.000466163718005e-47 1.000125e-47 9.9981919240055841e-48
9.9999999999999997e-48 9.9999999999999997e-48 9.9999999999999997e-48 1.0009323273456061e-47 9.9999999999999997e-48 9.9963838456803503e-48 9.9999999999999997e-48 1.001e-47 9.9999999999999997e-48 1.0000000003616155e-47 9.9999999999999997e-48 1.0000000009323274e-47 1.0006992455996084e-47 1.000125e-47 9.9972878865910808e-48
9.9999999999999997e-48 9.9999999999999997e-48 9.9999999999999997e-48 1.0009323273456061e-47 9.9999999999999997e-48 9.9963838456803503e-48 9.9999999999999997e-48 1.001e-47 9.9999999999999997e-48 1.0000000003616155e-47 9.9999999999999997e-48 1.0000000009323274e-47 9.9999999999999997e-48 9.9999999999999997e-48 9.9999999999999997e-48
9.9999999999999997e-48 9.9999999999999997e-48 9.9999999999999997e-48 1.0009323273456061e-47 9.9999999999999997e-48 9.9963838456803503e-48 9.9999999999999997e-48 1.001e-47 9.9999999999999997e-48 1.0000000003616155e-47 9.9999999999999997e-48 1.0000000009323274e-47 1.0009323273456061e-47 9.9999999999999997e-48 9.9963838456803503e-48
9.9999999999999997e-48 9.9999999999999997e-48 9.9999999999999997e-48 1.0009323273456061e-47 9.9999999999999997e-48 9.9963838456803503e-48 9.9999999999999997e-48 1.001e-47 9.9999999999999997e-48 1.0000000003616155e-47 9.9999999999999997e-48 1.0000000009323274e-47 1.0009323277072215e-47 1.001e-47 9.9963838550036231e-48
0 0 0 0.93232734560603447 0 -0.36161543196496199 0 1 0 3.6161543196496198e-07 0 9.3232734560603443e-07 0.1165409634026833 0.25 -0.045201812454702048
0 0 0 0.93232734560603447 0 -0.36161543196496199 0 1 0 3.6161543196496198e-07 0 9.3232734560603443e-07 0.2330819268053666 0.25 -0.090403624909404096
0 0 0 0.93232734560603447 0 -0.36161543196496199 0 1 0 3.6161543196496198e-07 0 9.3232734560603443e-07 0.46616371800494621 0.125 -0.1808075994415628
0 0 0 0.93232734560603447 0 -0.36161543196496199 0 1 0 3.6161543196496198e-07 0 9.3232734560603443e-07 0.69924559960838384 0.125 -0.27121134089188509
0 0 0 0.93232734560603447 0 -0.36161543196496199 0 1 0 3.6161543196496198e-07 0 9.3232734560603443e-07 0 0 0
0 0 0 0.93232734560603447 0 -0.36161543196496199 0 1 0 3.6161543196496198e-07 0 9.3232734560603443e-07 0.93232734560603447 0 -0.36161543196496199
0 0 0 0.93232734560603447 0 -0.36161543196496199 0 1 0 3.6161543196496198e-07 0 9.3232734560603443e-07 0.93232770722146641 1 -0.36161449963761638
1000 1000 1000 1000.932327345606 1000 999.63838456803501 1000 1001 1000 1000.0000003616154 1000 1000.0000009323273 1000.1165409634027 1000.25 999.95479818754529
1000 1000 1000 1000.932327345606 1000 999.63838456803501 1000 1001 1000 1000.0000003616154 1000 1000.0000009323273 1000.2330819268053 1000.25 999.90959637509059
1000 1000 1000 1000.932327345606 1000 999.63838456803501 1000 1001 1000 1000.0000003616154 1000 1000.0000009323273 1000.466163718005 1000.125 999.81919240055845
1000 1000 1000 1000.932327345606 1000 999.63838456803501 1000 1001 1000 1000.0000003616154 1000 1000.0000009323273 1000.6992455996084 1000.125 999.72878865910809
1000 1000 1000 1000.932327345606 1000 999.63838456803501 1000 1001 1000 1000.0000003616154 1000 1000.0000009323273 1000 1000 1000
1000 1000 1000 1000.932327345606 1000 999.63838456803501 1000 1001 1000 1000.0000003616154 1000 1000.0000009323273 1000.932327345606 1000 999.63838456803501
1000 1000 1000 1000.932327345606 1000 999.63838456803501 1000 1001 1000 1000.0000003616154 1000 1000.0000009323273 1000.9323277072215 1001 999.63838550036235
0 0 0 9.3232734560603458e+49 0 -3.6161543196496203e+49 0 1.0000000000000001e+50 0 3.6161543196496202e+43 0 9.3232734560603454e+43 1.1654096340268331e+49 2.5000000000000002e+49 -4.5201812454702052e+48
0 0 0 9.3232734560603458e+49 0 -3.6161543196496203e+49 0 1.0000000000000001e+50 0 3.6161543196496202e+43 0 9.3232734560603454e+43 2.3308192680536661e+49 2.5000000000000002e+49 -9.0403624909404104e+48
0 0 0 9.3232734560603458e+49 0 -3.6161543196496203e+49 0 1.0000000000000001e+50 0 3.6161543196496202e+43 0 9.3232734560603454e+43 4.6616371800494624e+49 1.2500000000000001e+49 -1.8080759944156282e+49
0 0 0 9.3232734560603458e+49 0 -3.6161543196496203e+49 0 1.0000000000000001e+50 0 3.6161543196496202e+43 0 9.3232734560603454e+43 6.992455996083839e+49 1.2500000000000001e+49 -2.7121134089188513e+49
0 0 0 9.3232734560603458e+49 0 -3.6161543196496203e+49 0 1.0000000000000001e+50 0 3.6161543196496202e+43 0 9.3232734560603454e+43 0 0 0
0 0 0 9.3232734560603458e+49 0 -3.6161543196496203e+49 0 1.0000000000000001e+50 0 3.6161543196496202e+43 0 9.3232734560603454e+43 9.3232734560603458e+49 0 -3.6161543196496203e+49
0 0 0 9.3232734560603458e+49 0 -3.6161543196496203e+49 0 1.0000000000000001e+50 0 3.6161543196496202e+43 0 9.3232734560603454e+43 9.3232770722146645e+49 1.0000000000000001e+50 -3.6161449963761641e+49
9.9999999999999999e+52 9.9999999999999999e+52 9.9999999999999999e+52 1.0009323273456062e+53 9.9999999999999999e+52 9.9963838456803501e+52 9.9999999999999999e+52 1.0010000000000002e+53 9.9999999999999999e+52 1.0000000003616155e+53 9.9999999999999999e+52 1.0000000009323273e+53 1.0001165409634027e+53 1.0002500000000001e+53 9.9995479818754544e+52
9.9999999999999999e+52 9.9999999999999999e+52 9.9999999999999999e+52 1.0009323273456062e+53 9.9999999999999999e+52 9.9963838456803501e+52 9.9999999999999999e+52 1.0010000000000002e+53 9.9999999999999999e+52 1.0000000003616155e+53 9.9999999999999999e+52 1.0000000009323273e+53 1.0002330819268054e+53 1.0002500000000001e+53 9.9990959637509068e+52
9.9999999999999999e+52 9.9999999999999999e+52 9.9999999999999999e+52 1.0009323273456062e+53 9.9999999999999999e+52 9.9963838456803501e+52 9.9999999999999999e+52 1.0010000000000002e+53 9.9999999999999999e+52 1.0000000003616155e+53 9.9999999999999999e+52 1.0000000009323273e+53 1.000466163718005e+53 1.0001250000000002e+53 9.9981919240055847e+52
9.9999999999999999e+52 9.9999999999999999e+52 9.9999999999999999e+52 1.0009323273456062e+53 9.9999999999999999e+52 9.9963838456803501e+52 9.9999999999999999e+52 1.0010000000000002e+53 9.9999999999999999e+52 1.0000000003616155e+53 9.9999999999999999e+52 1.0000000009323273e+53 1.0006992455996084e+53 1.0001250000000002e+53 9.9972878865910819e+52
9.9999999999999999e+52 9.9999999999999999e+52 9.9999999999999999e+52 1.0009323273456062e+53 9.9999999999999999e+52 9.9963838456803501e+52 9.9999999999999999e+52 1.0010000000000002e+53 9.9999999999999999e+52 1.0000000003616155e+53 9.9999999999999999e+52 1.0000000009323273e+53 9.9999999999999999e+52 9.9999999999999999e+52 9.9999999999999999e+52
9.9999999999999999e+52 9.9999999999999999e+52 9.9999999999999999e+52 1.0009323273456062e+53 9.9999999999999999e+52 9.9963838456803501e+52 9.9999999999999999e+52 1.0010000000000002e+53 9.9999999999999999e+52 1.0000000003616155e+53 9.9999999999999999e+52 1.0000000009323273e+53 1.0009323273456062e+53 9.9999999999999999e+52 9.9963838456803501e+52
9.9999999999999999e+52 9.9999999999999999e+52 9.9999999999999999e+52 1.0009323273456062e+53 9.9999999999999999e+52 9.9963838456803501e+52 9.9999999999999999e+52 1.0010000000000002e+53 9.9999999999999999e+52 1.0000000003616155e+53 9.9999999999999999e+52 1.0000000009323273e+53 1.0009323277072215e+53 1.0010000000000002e+53 9.9963838550036233e+52
0 0 0 9.3232734560603451e-51 0 -3.6161543196496199e-51 0 1e-50 0 3.6161543196496199e-59 0 9.3232734560603451e-59 1.1654091865277359e-51 2.5e-51 -4.5201927830211067e-52
0 0 0 9.3232734560603451e-51 0 -3.6161543196496199e-51 0 1e-50 0 3.6161543196496199e-59 0 9.3232734560603451e-59 2.3308183730554718e-51 2.5e-51 -9.0403855660422133e-52
0 0 0 9.3232734560603451e-51 0 -3.6161543196496199e-51 0 1e-50 0 3.6161543196496199e-59 0 9.3232734560603451e-59 4.6616367325503655e-51 1.25e-51 -1.8080771481707181e-51
0 0 0 9.3232734560603451e-51 0 -3.6161543196496199e-51 0 1e-50 0 3.6161543196496199e-59 0 9.3232734560603451e-59 6.9924551010856453e-51 1.25e-51 -2.7121157164290311e-51
0 0 0 9.3232734560603451e-51 0 -3.6161543196496199e-51 0 1e-50 0 3.6161543196496199e-59 0 9.3232734560603451e-59 0 0 0
0 0 0 9.3232734560603451e-51 0 -3.6161543196496199e-51 0 1e-50 0 3.6161543196496199e-59 0 9.3232734560603451e-59 9.3232734560603451e-51 0 -3.6161543196496199e-51
0 0 0 9.3232734560603451e-51 0 -3.6161543196496199e-51 0 1e-50 0 3.6161543196496199e-59 0 9.3232734560603451e-59 9.3232734922218873e-51 1e-50 -3.6161542264168853e-51
9.9999999999999997e-48 9.9999999999999997e-48 9.9999999999999997e-48 1.0009323273456061e-47 9.9999999999999997e-48 9.9963838456803503e-48 9.9999999999999997e-48 1.001e-47 9.9999999999999997e-48 1.0000000000036161e-47 9.9999999999999997e-48 1.0000000000093232e-47 1.0001165409186528e-47 1.00025e-47 9.9995479807216971e-48
9.9999999999999997e-48 9.9999999999999997e-48 9.9999999999999997e-48 1.0009323273456061e-47 9.9999999999999997e-48 9.9963838456803503e-48 9.9999999999999997e-48 1.001e-47 9.9999999999999997e-48 1.0000000000036161e-47 9.9999999999999997e-48 1.0000000000093232e-47 1.0002330818373056e-47 1.00025e-47 9.9990959614433957e-48
9.9999999999999997e-48 9.9999999999999997e-48 9.9999999999999997e-48 1.0009323273456061e-47 9.9999999999999997e-48 9.9963838456803503e-48 9.9999999999999997e-48 1.001e-47 9.9999999999999997e-48 1.0000000000036161e-47 9.9999999999999997e-48 1.0000000000093232e-47 1.000466163673255e-47 1.000125e-47 9.9981919228518286e-48
9.9999999999999997e-48 9.9999999999999997e-48 9.9999999999999997e-48 1.0009323273456061e-47 9.9999999999999997e-48 9.9963838456803503e-48 9.9999999999999997e-48 1.001e-47 9.9999999999999997e-48 1.0000000000036161e-47 9.9999999999999997e-48 1.0000000000093232e-47 1.0006992455101085e-47 1.000125e-47 9.997287884283571e-48
9.9999999999999997e-48 9.9999999999999997e-48 9.9999999999999997e-48 1.0009323273456061e-47 9.9999999999999997e-48 9.9963838456803503e-48 9.9999999999999997e-48 1.001e-47 9.9999999999999997e-48 1.0000000000036161e-47 9.9999999999999997e-48 1.0000000000093232e-47 9.9999999999999997e-48 9.9999999999999997e-48 9.9999999999999997e-48
9.9999999999999997e-48 9.9999999999999997e-48 9.9999999999999997e-48 1.0009323273456061e-47 9.9999999999999997e-48 9.9963838456803503e-48 9.9999999999999997e-48 1.001e-47 9.9999999999999997e-48 1.0000000000036161e-47 9.9999999999999997e-48 1.0000000000093232e-47 1.0009323273456061e-47 9.9999999999999997e-48 9.9963838456803503e-48
9.9999999999999997e-48 9.9999999999999997e-48 9.9999999999999997e-48 1.0009323273456061e-47 9.9999999999999997e-48 9.9963838456803503e-48 9.9999999999999997e-48 1.001e-47 9.9999999999999997e-48 1.0000000000036161e-47 9.9999999999999997e-48 1.0000000000093232e-47 1.0009323273492222e-47 1.001e-47 9.9963838457735837e-48
0 0 0 0.93232734560603447 0 -0.36161543196496199 0 1 0 3.6161543196496199e-09 0 9.3232734560603442e-09 0.11654091865277359 0.25 -0.045201927830211069
0 0 0 0.93232734560603447 0 -0.36161543196496199 0 1 0 3.6161543196496199e-09 0 9.3232734560603442e-09 0.23308183730554718 0.25 -0.090403855660422139
0 0 0 0.93232734560603447 0 -0.36161543196496199 0 1 0 3.6161543196496199e-09 0 9.3232734560603442e-09 0.46616367325503655 0.125 -0.18080771481707181
0 0 0 0.93232734560603447 0 -0.36161543196496199 0 1 0 3.6161543196496199e-09 0 9.3232734560603442e-09 0.69924551010856451 0.125 -0.2712115716429031
0 0 0 0.93232734560603447 0 -0.36161543196496199 0 1 0 3.6161543196496199e-09 0 9.3232734560603442e-09 0 0 0
0 0 0 0.93232734560603447 0 -0.36161543196496199 0 1 0 3.6161543196496199e-09 0 9.3232734560603442e-09 0.93232734560603447 0 -0.36161543196496199
0 0 0 0.93232734560603447 0 -0.36161543196496199 0 1 0 3.6161543196496199e-09 0 9.3232734560603442e-09 0.93232734922218874 1 -0.36161542264168856
1000 1000 1000 1000.932327345606 1000 999.63838456803501 1000 1001 1000 1000.0000000036162 1000 1000.0000000093232 1000.1165409186527 1000.25 999.95479807216975
1000 1000 1000 1000.932327345606 1000 999.63838456803501 1000 1001 1000 1000.0000000036162 1000 1000.0000000093232 1000.2330818373056 1000.25 999.90959614433962
1000 1000 1000 1000.932327345606 1000 999.63838456803501 1000 1001 1000 1000.0000000036162 1000 1000.0000000093232 1000.466163673255 1000.125 999.81919228518291
1000 1000 1000 1000.932327345606 1000 999.63838456803501 1000 1001 1000 1000.0000000036162 1000 1000.0000000093232 1000.6992455101085 1000.125 999.72878842835712
1000 1000 1000 1000.932327345606 1000 999.63838456803501 1000 1001 1000 1000.0000000036162 1000 1000.0000000093232 1000 1000 1000
1000 1000 1000 1000.932327345606 1000 999.63838456803501 1000 1001 1000 1000.0000000036162 1000 1000.0000000093232 1000.932327345606 1000 999.63838456803501
1000 1000 1000 1000.932327345606 1000 999.63838456803501 1000 1001 1000 1000.0000000036162 1000 1000.0000000093232 1000.9323273492222 1001 999.63838457735835
0 0 0 9.3232734560603458e+49 0 -3.6161543196496203e+49 0 1.0000000000000001e+50 0 3.6161543196496203e+41 0 9.3232734560603446e+41 1.1654091865277361e+49 2.5000000000000002e+49 -4.5201927830211074e+48
0 0 0 9.3232734560603458e+49 0 -3.6161543196496203e+49 0 1.0000000000000001e+50 0 3.6161543196496203e+41 0 9.3232734560603446e+41 2.3308183730554721e+49 2.5000000000000002e+49 -9.0403855660422148e+48
0 0 0 9.3232734560603458e+49 0 -3.6161543196496203e+49 0 1.0000000000000001e+50 0 3.6161543196496203e+41 0 9.3232734560603446e+41 4.6616367325503659e+49 1.2500000000000001e+49 -1.8080771481707183e+49
0 0 0 9.3232734560603458e+49 0 -3.6161543196496203e+49 0 1.0000000000000001e+50 0 3.6161543196496203e+41 0 9.3232734560603446e+41 6.9924551010856461e+49 1.2500000000000001e+49 -2.712115716429031e+49
0 0 0 9.3232734560603458e+49 0 -3.6161543196496203e+49 0 1.0000000000000001e+50 0 3.6161543196496203e+41 0 9.3232734560603446e+41 0 0 0
0 0 0 9.3232734560603458e+49 0 -3.6161543196496203e+49 0 1.0000000000000001e+50 0 3.6161543196496203e+41 0 9.3232734560603446e+41 9.3232734560603458e+49 0 -3.6161543196496203e+49
0 0 0 9.3232734560603458e+49 0 -3.6161543196496203e+49 0 1.0000000000000001e+50 0 3.6161543196496203e+41 0 9.3232734560603446e+41 9.3232734922218885e+49 1.0000000000000001e+50 -3.6161542264168859e+49
9.9999999999999999e+52 9.9999999999999999e+52 9.9999999999999999e+52 1.0009323273456062e+53 9.9999999999999999e+52 9.9963838456803501e+52 9.9999999999999999e+52 1.0010000000000002e+53 9.9999999999999999e+52 1.0000000000036161e+53 9.9999999999999999e+52 1.0000000000093233e+53 1.0001165409186528e+53 1.0002500000000001e+53 9.9995479807216973e+52
9.9999999999999999e+52 9.9999999999999999e+52 9.9999999999999999e+52 1.0009323273456062e+53 9.9999999999999999e+52 9.9963838456803501e+52 9.9999999999999999e+52 1.0010000000000002e+53 9.9999999999999999e+52 1.0000000000036161e+53 9.9999999999999999e+52 1.0000000000093233e+53 1.0002330818373056e+53 1.0002500000000001e+53 9.9990959614433968e+52
9.9999999999999999e+52 9.9999999999999999e+52 9.9999999999999999e+52 1.0009323273456062e+53 9.9999999999999999e+52 9.9963838456803501e+52 9.9999999999999999e+52 1.0010000000000002e+53 9.9999999999999999e+52 1.0000000000036161e+53 9.9999999999999999e+52 1.0000000000093233e+53 1.0004661636732551e+53 1.0001250000000002e+53 9.9981919228518297e+52
9.9999999999999999e+52 9.9999999999999999e+52 9.9999999999999999e+52 1.0009323273456062e+53 9.9999999999999999e+52 9.9963838456803501e+52 9.9999999999999999e+52 1.0010000000000002e+53 9.9999999999999999e+52 1.0000000000036161e+53 9.9999999999999999e+52 1.0000000000093233e+53 1.0006992455101086e+53 1.0001250000000002e+53 9.9972878842835719e+52
9.9999999999999999e+52 9.9999999999999999e+52 9.9999999999999999e+52 1.0009323273456062e+53 9.9999999999999999e+52 9.9963838456803501e+52 9.9999999999999999e+52 1.0010000000000002e+53 9.9999999999999999e+52 1.0000000000036161e+53 9.9999999999999999e+52 1.0000000000093233e+53 9.9999999999999999e+52 9.9999999999999999e+52 9.9999999999999999e+52
9.9999999999999999e+52 9.9999999999999999e+52 9.9999999999999999e+52 1.0009323273456062e+53 9.9999999999999999e+52 9.9963838456803501e+52 9.9999999999999999e+52 1.0010000000000002e+53 9.9999999999999999e+52 1.0000000000036161e+53 9.9999999999999999e+52 1.0000000000093233e+53 1.0009323273456062e+53 9.9999999999999999e+52 9.9963838456803501e+52
9.9999999999999999e+52 9.9999999999999999e+52 9.9999999999999999e+52 1.0009323273456062e+53 9.9999999999999999e+52 9.9963838456803501e+52 9.9999999999999999e+52 1.0010000000000002e+53 9.9999999999999999e+52 1.0000000000036161e+53 9.9999999999999999e+52 1.0000000000093233e+53 1.0009323273492224e+53 1.0010000000000002e+53 9.9963838457735853e+52
0 0 0 9.3232734560603451e-51 0 -3.6161543196496199e-51 0 1e-50 0 3.6161543196496197e-61 0 9.3232734560603446e-61 1.165409182052745e-51 2.5e-51 -4.5201928983966153e-52
0 0 0 9.3232734560603451e-51 0 -3.6161543196496199e-51 0 1e-50 0 3.6161543196496197e-61 0 9.3232734560603446e-61 2.33081836410549e-51 2.5e-51 -9.0403857967932307e-52
0 0 0 9.3232734560603451e-51 0 -3.6161543196496199e-51 0 1e-50 0 3.6161543196496197e-61 0 9.3232734560603446e-61 4.6616367280753744e-51 1.25e-51 -1.8080771597082691e-51
0 0 0 9.3232734560603451e-51 0 -3.6161543196496199e-51 0 1e-50 0 3.6161543196496197e-61 0 9.3232734560603446e-61 6.9924550921356632e-51 1.25e-51 -2.7121157395041332e-51
0 0 0 9.3232734560603451e-51 0 -3.6161543196496199e-51 0 1e-50 0 3.6161543196496197e-61 0 9.3232734560603446e-61 0 0 0
0 0 0 9.3232734560603451e-51 0 -3.6161543196496199e-51 0 1e-50 0 3.6161543196496197e-61 0 9.3232734560603446e-61 9.3232734560603451e-51 0 -3.6161543196496199e-51
0 0 0 9.3232734560603451e-51 0 -3.6161543196496199e-51 0 1e-50 0 3.6161543196496197e-61 0 9.3232734560603446e-61 9.3232734564219601e-51 1e-50 -3.6161543187172923e-51
9.9999999999999997e-48 9.9999999999999997e-48 9.9999999999999997e-48 1.0009323273456061e-47 9.9999999999999997e-48 9.9963838456803503e-48 9.9999999999999997e-48 1.001e-47 9.9999999999999997e-48 1.0000000000000362e-47 9.9999999999999997e-48 1.0000000000000932e-47 1.0001165409182053e-47 1.00025e-47 9.9995479807101602e-48
9.9999999999999997e-48 9.9999999999999997e-48 9.9999999999999997e-48 1.0009323273456061e-47 9.9999999999999997e-48 9.9963838456803503e-48 9.9999999999999997e-48 1.001e-47 9.9999999999999997e-48 1.0000000000000362e-47 9.9999999999999997e-48 1.0000000000000932e-47 1.0002330818364106e-47 1.00025e-47 9.9990959614203207e-48
9.9999999999999997e-48 9.9999999999999997e-48 9.9999999999999997e-48 1.0009323273456061e-47 9.9999999999999997e-48 9.9963838456803503e-48 9.9999999999999997e-48 1.001e-47 9.9999999999999997e-48 1.0000000000000362e-47 9.9999999999999997e-48 1.0000000000000932e-47 1.0004661636728075e-47 1.000125e-47 9.9981919228402917e-48
9.9999999999999997e-48 9.9999999999999997e-48 9.9999999999999997e-48 1.0009323273456061e-47 9.9999999999999997e-48 9.9963838456803503e-48 9.9999999999999997e-48 1.001e-47 9.9999999999999997e-48 1.0000000000000362e-47 9.9999999999999997e-48 1.0000000000000932e-47 1.0006992455092136e-47 1.000125e-47 9.997287884260496e-48
9.9999999999999997e-48 9.9999999999999997e-48 9.9999999999999997e-48 1.0009323273456061e-47 9.9999999999999997e-48 9.9963838456803503e-48 9.9999999999999997e-48 1.001e-47 9.9999999999999997e-48 1.0000000000000362e-47 9.9999999999999997e-48 1.0000000000000932e-47 9.9999999999999997e-48 9.9999999999999997e-48 9.9999999999999997e-48
9.9999999999999997e-48 9.9999999999999997e-48 9.9999999999999997e-48 1.0009323273456061e-47 9.9999999999999997e-48 9.9963838456803503e-48 9.9999999999999997e-48 1.001e-47 9.9999999999999997e-48 1.0000000000000362e-47 9.9999999999999997e-48 1.0000000000000932e-47 1.0009323273456061e-47 9.9999999999999997e-48 9.9963838456803503e-48
9.9999999999999997e-48 9.9999999999999997e-48 9.9999999999999997e-48 1.0009323273456061e-47 9.9999999999999997e-48 9.9963838456803503e-48 9.9999999999999997e-48 1.001e-47 9.9999999999999997e-48 1.0000000000000362e-47 9.9999999999999997e-48 1.0000000000000932e-47 1.0009323273456422e-47 1.001e-47 9.9963838456812825e-48
0 0 0 0.93232734560603447 0 -0.36161543196496199 0 1 0 3.6161543196496199e-11 0 9.3232734560603448e-11 0.1165409182052745 0.25 -0.045201928983966154
0 0 0 0.93232734560603447 0 -0.36161543196496199 0 1 0 3.6161543196496199e-11 0 9.3232734560603448e-11 0.233081836410549 0.25 -0.090403857967932308
0 0 0 0.93232734560603447 0 -0.36161543196496199 0 1 0 3.6161543196496199e-11 0 9.3232734560603448e-11 0.46616367280753745 0.125 -0.1808077159708269
0 0 0 0.93232734560603447 0 -0.36161543196496199 0 1 0 3.6161543196496199e-11 0 9.3232734560603448e-11 0.69924550921356632 0.125 -0.27121157395041329
0 0 0 0.93232734560603447 0 -0.36161543196496199 0 1 0 3.6161543196496199e-11 0 9.3232734560603448e-11 0 0 0
0 0 0 0.93232734560603447 0 -0.36161543196496199 0 1 0 3.6161543196496199e-11 0 9.3232734560603448e-11 0.93232734560603447 0 -0.36161543196496199
0 0 0 0.93232734560603447 0 -0.36161543196496199 0 1 0 3.6161543196496199e-11 0 9.3232734560603448e-11 0.93232734564219599 1 -0.36161543187172923
1000 1000 1000 1000.932327345606 1000 999.63838456803501 1000 1001 1000 1000.0000000000362 1000 1000.0000000000932 1000.1165409182053 1000.25 999.95479807101606
1000 1000 1000 1000.932327345606 1000 999.63838456803501 1000 1001 1000 1000.0000000000362 1000 1000.0000000000932 1000.2330818364105 1000.25 999.90959614203211
1000 1000 1000 1000.932327345606 1000 999.63838456803501 1000 1001 1000 1000.0000000000362 1000 1000.0000000000932 1000.4661636728075 1000.125 999.81919228402921
1000 1000 1000 1000.932327345606 1000 999.63838456803501 1000 1001 1000 1000.0000000000362 1000 1000.0000000000932 1000.6992455092136 1000.125 999.72878842604962
1000 1000 1000 1000.932327345606 1000 999.63838456803501 1000 1001 1000 1000.0000000000362 1000 1000.0000000000932 1000 1000 1000
1000 1000 1000 1000.932327345606 1000 999.63838456803501 1000 1001 1000 1000.0000000000362 1000 1000.0000000000932 1000.932327345606 1000 999.63838456803501
1000 1000 1000 1000.932327345606 1000 999.63838456803501 1000 1001 1000 1000.0000000000362 1000 1000.0000000000932 1000.9323273456422 1001 999.63838456812823
0 0 0 9.3232734560603458e+49 0 -3.6161543196496203e+49 0 1.0000000000000001e+50 0 3.6161543196496203e+39 0 9.3232734560603456e+39 1.165409182052745e+49 2.5000000000000002e+49 -4.5201928983966157e+48
0 0 0 9.3232734560603458e+49 0 -3.6161543196496203e+49 0 1.0000000000000001e+50 0 3.6161543196496203e+39 0 9.3232734560603456e+39 2.3308183641054901e+49 2.5000000000000002e+49 -9.0403857967932314e+48
0 0 0 9.3232734560603458e+49 0 -3.6161543196496203e+49 0 1.0000000000000001e+50 0 3.6161543196496203e+39 0 9.3232734560603456e+39 4.661636728075375e+49 1.2500000000000001e+49 -1.8080771597082691e+49
0 0 0 9.3232734560603458e+49 0 -3.6161543196496203e+49 0 1.0000000000000001e+50 0 3.6161543196496203e+39 0 9.3232734560603456e+39 6.9924550921356632e+49 1.2500000000000001e+49 -2.712115739504133e+49
0 0 0 9.3232734560603458e+49 0 -3.6161543196496203e+49 0 1.0000000000000001e+50 0 3.6161543196496203e+39 0 9.3232734560603456e+39 0 0 0
0 0 0 9.3232734560603458e+49 0 -3.6161543196496203e+49 0 1.0000000000000001e+50 0 3.6161543196496203e+39 0 9.3232734560603456e+39 9.3232734560603458e+49 0 -3.6161543196496203e+49
0 0 0 9.3232734560603458e+49 0 -3.6161543196496203e+49 0 1.0000000000000001e+50 0 3.6161543196496203e+39 0 9.3232734560603456e+39 9.3232734564219602e+49 1.0000000000000001e+50 -3.6161543187172926e+49
9.9999999999999999e+52 9.9999999999999999e+52 9.9999999999999999e+52 1.0009323273456062e+53 9.9999999999999999e+52 9.9963838456803501e+52 9.9999999999999999e+52 1.0010000000000002e+53 9.9999999999999999e+52 1.0000000000000361e+53 9.9999999999999999e+52 1.0000000000000934e+53 1.0001165409182053e+53 1.0002500000000001e+53 9.9995479807101617e+52
9.9999999999999999e+52 9.9999999999999999e+52 9.9999999999999999e+52 1.0009323273456062e+53 9.9999999999999999e+52 9.9963838456803501e+52 9.9999999999999999e+52 1.0010000000000002e+53 9.9999999999999999e+52 1.0000000000000361e+53 9.9999999999999999e+52 1.0000000000000934e+53 1.0002330818364106e+53 1.0002500000000001e+53 9.9990959614203214e+52
9.9999999999999999e+52 9.9999999999999999e+52 9.9999999999999999e+52 1.0009323273456062e+53 9.9999999999999999e+52 9.9963838456803501e+52 9.9999999999999999e+52 1.0010000000000002e+53 9.9999999999999999e+52 1.0000000000000361e+53 9.9999999999999999e+52 1.0000000000000934e+53 1.0004661636728077e+53 1.0001250000000002e+53 9.998191922840292e+52
9.9999999999999999e+52 9.9999999999999999e+52 9.9999999999999999e+52 1.0009323273456062e+53 9.9999999999999999e+52 9.9963838456803501e+52 9.9999999999999999e+52 1.0010000000000002e+53 9.9999999999999999e+52 1.0000000000000361e+53 9.9999999999999999e+52 1.0000000000000934e+53 1.0006992455092136e+53 1.0001250000000002e+53 9.9972878842604965e+52
9.9999999999999999e+52 9.9999999999999999e+52 9.9999999999999999e+52 1.0009323273456062e+53 9.9999999999999999e+52 9.9963838456803501e+52 9.9999999999999999e+52 1.0010000000000002e+53 9.9999999999999999e+52 1.0000000000000361e+53 9.9999999999999999e+52 1.0000000000000934e+53 9.9999999999999999e+52 9.9999999999999999e+52 9.9999999999999999e+52
9.9999999999999999e+52 9.9999999999999999e+52 9.9999999999999999e+52 1.0009323273456062e+53 9.9999999999999999e+52 9.9963838456803501e+52 9.9999999999999999e+52 1.0010000000000002e+53 9.9999999999999999e+52 1.0000000000000361e+53 9.9999999999999999e+52 1.0000000000000934e+53 1.0009323273456062e+53 9.9999999999999999e+52 9.9963838456803501e+52
9.9999999999999999e+52 9.9999999999999999e+52 9.9999999999999999e+52 1.0009323273456062e+53 9.9999999999999999e+52 9.9963838456803501e+52 9.9999999999999999e+52 1.0010000000000002e+53 9.9999999999999999e+52 1.0000000000000361e+53 9.9999999999999999e+52 1.0000000000000934e+53 1.0009323273456424e+53 1.0010000000000002e+53 9.9963838456812837e+52
