3 24 -9 32 -26 29 -13 -23 -29 -10 -28 -23
-16 -23 16 14 30 3 -15 -20 21 -27 -23 -1
2 -26 -30 21 -30 -6 -13 25 -28 22 -10 5
-26 -2 29 17 2 15 16 6 25 25 -1 -2
3 16 -9 -32 17 12 21 -11 14 -14 -10 -24
-21 14 -1 -25 0 18 3 -7 23 -23 -28 -18
12 -23 17 24 -10 -15 28 32 20 10 -1 -9
-10 13 7 -5 20 0 -14 1 18 18 -23 -15
-30 10 -4 26 23 -9 3 -3 -12 12 -13 -20
-16 29 11 -30 -4 -22 7 -15 21 -3 4 26
25 7 -15 -15 20 29 -20 -29 22 18 -15 -8
11 -28 14 8 -27 9 -7 16 -22 -18 22 -27
17 -11 12 26 -8 -23 12 22 8 -15 20 13
-11 8 -1 24 -27 -32 15 -14 3 25 0 4
-2 -30 -25 6 -11 -29 8 14 -8 5 -2 -8
-5 -32 -12 -3 21 2 -11 25 -9 25 9 18
19 -2 -26 27 -15 -29 -19 22 -11 -31 11 -24
2 -8 14 -2 -25 -18 -19 -23 24 -21 21 19
-16 -20 31 -14 -10 -7 -13 31 28 9 32 1
-3 -31 -28 12 -15 3 -27 -26 -6 1 18 -5
-24 30 -23 -14 -28 30 -24 27 4 13 10 -28
11 -16 -5 -21 0 25 27 14 -17 -27 -30 -14
-18 30 -21 -3 -26 -12 13 -30 4 18 -8 9
-1 -18 32 -12 6 17 -23 -7 3 31 -5 -32
9 -9 22 1 5 -31 28 16 -29 -12 -16 -23
-29 -32 -30 30 19 -16 -24 -2 -3 2 -10 5
-24 -31 7 -30 -17 30 3 -4 -8 17 -14 -14
11 9 -9 32 23 22 16 7 -2 23 -26 -14
-13 6 -18 -31 0 32 16 -7 -31 -3 -19 -25
-18 -20 15 1 25 -22 8 -12 12 8 -22 -21
-14 -28 -4 25 5 -13 -17 -25 -19 0 18 -17
-19 16 -12 4 29 22 -5 29 0 11 10 -14
-30 30 -9 -28 27 15 9 22 -15 -5 -12 -31
-12 -11 7 18 -26 -30 -32 -19 -31 -15 10 2
-26 15 18 17 -13 29 17 -28 12 6 -11 -5
2 29 -32 24 -18 -18 -30 12 -28 22 -32 -2
25 3 16 15 31 21 -28 4 -31 2 11 -24
3 30 -7 -17 11 6 -6 -30 3 -2 -29 -17
10 29 -22 -32 32 13 14 -6 -8 -28 4 -24
13 10 7 15 20 18 -19 -24 7 -14 11 6
18 -13 -25 14 1 -30 25 -26 10 -2 3 -15
13 29 20 -6 -30 -20 -27 -3 7 20 20 -24
28 25 22 -13 -29 -20 15 -12 8 -10 -12 -27
-15 26 -13 24 -8 6 24 30 0 -32 -18 -4
-22 30 -12 9 -7 -15 22 -26 -1 -8 -18 -28
-12 0 -23 14 9 27 11 28 -17 17 -6 5
32 18 -17 19 12 24 -24 17 -7 -23 30 -6
-1 -5 -4 15 7 -22 19 21 -30 26 -18 -7
-14 7 -31 -11 13 26 26 32 -20 -21 -32 10
-22 24 -13 -16 3 29 26 -32 -4 28 -28 -24
-18 -11 -31 -6 21 10 21 -32 23 18 -2 -15
32 -16 -23 -27 -16 1 -9 26 -8 -13 19 -2
-16 -29 -28 6 11 -9 27 -6 -19 -5 -13 1
-20 -12 19 -6 -17 -15 -5 -18 8 -4 30 -19
-21 15 20 2 -9 -22 18 15 8 -4 -15 -16
26 -11 1 -10 30 -1 20 -27 -29 31 -28 18
-27 12 32 1 -29 19 18 -27 -15 13 -12 25
-29 -9 -5 -8 19 1 -27 10 9 -15 -14 20
-23 12 19 -17 14 21 29 -20 -11 -29 23 -4
-22 9 22 -4 -23 22 32 9 -5 8 11 8
-3 13 -17 -21 -30 17 -27 -17 -4 4 27 28
-18 16 -23 -23 -12 -28 23 0 -17 12 1 -14
-21 31 24 21 30 0 12 15 -3 -21 26 12
-15 -9 -12 5 -15 6 21 21 -6 -14 23 7
-6.1074458559818388e+54 6.1980675639098884e+31 1.0898051014252203e+185 -6.0600057943218246e+133 6.0692484865841129e+22 -1.7131300736131266e+184 1.1701319972505301e+19 -947552859373734.5 -3.7600141340905329e-102 -2.4324861284332546e+65 -1.7099858763354564e+81 1.6393179536722302e+152
-1.6922167321904829e-136 -5.5455556600378834e-58 3896.9299306183966 -1.9160861828923705e+171 -4.9846248226429963e-96 -1.4074959998478365e+77 -1.515760662722877e+122 6.5623493836410912e+101 -2.0160178569133872e-27 433962652840325.75 -4.1265657038735184e-172 1.0280507902079524e+93
-1.2381088478675259e+154 9.8692374805020104e-22 -4.6096870755331067e+49 -6.128169112374908e-29 3.8186898415317543e-130 -2.195399200047759e-198 -1.6661973774901103e-57 -3.1094398202919223e-133 7.5368536051795624e+19 -3.0473969820706033e+217 -6.8574648582296727e+193 -6.9444060824184855e+166
-1.089044259414906e+71 1.5676355791615211e+106 2.4074476848202803e-162 2.0758448482051423e+127 -2.2116405169117685e-178 -5.7271309239235124e-63 -3.3323896412503218e+100 1.1522298107580108e+64 -7.5186209906438552e-59 2.0766191784782413e+77 -5.7594487574370724e-157 193773437901826
2.2106853431360412e+247 -1.2917575388248899e+25 1.5484098803295049e-27 1.4088899753090932e+95 1.9620648337098514e+238 -5526513528067.9688 -1.9245336284984723e-164 -7.8887822442303486e-37 -1.7022602536168787e+70 -2.1394088311369647e-196 -6.527609625881787e+224 -3.269653417964501e+36
-7.5095861021206166e+28 -5.7785898382131657e-11 -5.70487917576744e+190 -8.8156724816759204e+208 3.6129950511976503e+35 -1.393024477881405e-70 -7.1561427369153157e+183 4.9316684185167384e+41 -8.2971099828309558e+177 -2.7767632084487068e+29 -1.8973718444255764e-156 2.8042532521246542e-88
2.799310512454775e-61 -4.267894013280216e-149 3.2763891661826307e-90 -1.8183897707075809e+190 -2.2967776917597569e+198 2.5809546023409453e+37 1.4144214392792829e+262 -4.3738253585996883e+119 1.7746999264159371e+56 7.4469989108180704e-38 2.5033727999882862e+252 4.5183527116313989e-90
3.3828901818150829e+190 2.1792601361209254e+66 -1.2287371026906953e-89 -4.8988996910598809e+216 6.6036763666412816e+141 1.9997341705624455e+108 2.7315858465605198e+132 1.442219343380093e+218 -9.0634599942201463e+132 -9.8527816942624167e-54 3.1538512326294725e+223 1.7757877115217136e-219
-8.3479032091798101e+176 7.5628002542602336e-257 1.8098102522938075e+239 -2.5112664567114449e-15 8.7530430823087347e+115 6.5062225281203298e+270 -1.2769514424062651e-197 -5.0120421195816493e+41 -7.5405198021585532e+84 3.3613534981211604e+202 5.6440707677682372e-264 -1.9532820150697317e-97
6.9697073174403407e-175 -1.0367308324865333e-255 2.0595557175898703e+236 8.3494877729606003e+201 -7.5670410742743783e-217 -9.9519949040349705e-154 -5.6450587723890987e+149 -1.1009616195447567e+200 -8.2054090724033546e-184 -1.054105647492025e-235 -4.6587177544411565e+245 -7.3637443889219008e+80
-2.8348950527999692e+116 -7.8458847535984753e+209 -0.18778272834266185 4.8479927478334704e-224 -1.6489022873517999e+225 4.6663840906100836e+176 -2072098121612350.5 -2.3231350466373111e+38 -1.2873836761807851e-213 1.9563353561165764e+194 2.4216041083190888e+178 2.4657226683088865e-86
4.4506905875468917e+202 2.3655357564940938e-215 -3.2586466995995343e+165 -4.8310432075307534e-11 -5.935299635212167e+47 1.603356528524989e-90 -2.159373551965107e+78 -7.2227365120606177e+37 1.252279443757912e-27 8.5921692263189908e-30 -3.6252704046905684e+172 2.1442229318677537e-50
-2.733118658562342e-152 1.4046629734798704e+250 -6.8163123447270465e-245 -3.2571569892713807e-106 -2.8282101897755204e-139 -1.3893085591503366e-220 -7.2486966828473719e+200 -2.6187854867011905e+266 -1.565238906388711e-255 -2.0760923461263103e-99 -2.0585902381677901e+144 -1.9410401465114551e+29
7.7653523412761267e-22 -4.2325336668446456e+158 1.2240288354760645e-206 2.5875780291903044e+185 -2.9725728141158738e-25 8.9144989598123542e+121 1.4720560702844715e+170 5.7751678122125297e-226 -6.7711596921597239e+114 -8.7050013109655026e-99 1.4861962096099763e+212 2.2295059985573862e-235
-3.3921076899609496e+187 2.5130378386692756e+183 -1.1188435305445932e-162 2.2107650568979041e+255 1.173223414218957e-223 -3.9940911875325959e-228 -4.6842897016324098e+40 -1.8295073846839014e-151 -3.1598322938914864e+183 3.7846006090916489e+80 2.0769054989536773e-205 1.7586485455252535e-98
-6.1515112420109382e+178 -8.3248531172660733e-70 -5.8723799783110848e-243 -1.7992790166879104e-79 -5.857247304598459e+95 2.9704441502338838e+115 0.0035280152963012871 -2.7722383540611528e+180 1.009066751050406e-225 -1.0163676927236256e-260 -4367044594767.9219 -3.2381095064462558e-230
1.3749389106325126e+86 -1.3035819858537843e+45 4.2420312672592142e+71 -3.0162542537836424e+196 -7.6323276106050421e+182 -3.1161399984651799e+245 -3.1887388862902082e+131 1.5325603027342485e+46 -8.1751040819107572e-118 4.2961531214261053e-193 -3.1595608833301686e-236 -1.9757844858554062e+37
6.6506716930911315e+117 -1.2559109597545263e-176 7.3538725200249124e+264 -1.2471703307267578e-75 4.0515317782108802e+234 8.9060800530922103e-200 4.1004315815008786e-233 1.0701386134571812e-244 9.9180916532899163e+101 -7.7945528406301605e-34 1.8308706195599897e+40 3.5561595220768036e+195
5.6603320001853786e+191 1.0505312994975342e+95 -6.0723668060032236e+162 -3.3028072624561274e+29 3.2796899194099669e+25 4.9004753617498784e+157 7.839384134433224e-16 1.3036232772171669e-93 1.2001647257977901e+127 6.1477320357537758e-200 -5.7519188220664654e+66 3.0590323694285833e-204
-2.484939767510607e-104 -3.6587424670333814e+132 -1.1155153993568925e-174 7.0136134178791903e-48 6.1304638707121228e+154 -2.0876776815315784e+252 2.979962979014411e-20 -2.9164976403191736e-217 -3.5343834390144087e+161 2.1014169460865239e+228 -3.3101014578833562e-101 4.4569493711911822e+86
-1.9346797584245439e-65 -1.3947905031933913e+107 9.5957816342824769e+85 7.0164120873264018e-130 -6.9822913832121413e-256 1.247169598013643e-90 6.711826986452337e-156 5.8290528522197381e+181 7.9690937380228953e-196 -8.0762216117459597e+211 8.309082018934143e-106 3.5044700745775512e+235
-5.5516974087789502e+179 1.9938557351185874e+113 -3.7179932106474547e-137 3.7429149089845246e-239 1.7016260330090058e-167 -8.7936599922181313e-264 6.960293555086247e+155 -0.00076167825836596231 6.907290989925892e-153 1.4708176709347617e-36 -2.643016105771176e+23 -7.4075331072217296e-100
4.6403989570679137e-247 3.7380425693127744e+149 -1.5503922112534635e+79 1.3582067325120891e-159 -3.466282273592175e-239 -1.8646096687222605e+18 4.9365470792836162e-136 -2.2664147547896517e-95 3.6397903890259346e-95 -2.8097981763757761e+163 499934883613291.88 -1.3339842321270528e-239
1.0184008722296458e-206 -2.8365639127876066e-211 -3.9201196945877516e+19 -4.3812389567356613e-90 -2.9451239203821549e+80 -1.8966310485412022e-128 1.4518337636028958e-138 -4.6948507614834261e-270 4.9218552606690753e-143 -2.5744115451388877e+73 -2.651465527895646e-92 -1.6636609697424232e-205
-1.4228541274607077e-138 -3.7189531523381334e-21 -5.5867475460610159e+187 -1.6174939139165156e-268 2.3523077055963596e-224 5.5764449822544421e-227 -2.2036128953514672e+130 -8.360599403020223e+235 -3.4876470426058516e-137 -7.5600717774604038e+219 -9.0876223413086505e+209 -4.2968929015677287e-271
-5.5520654431360516e+140 1.2909215457336077e-182 -1.9727977952062214e+127 -3916350113.1246052 2.6473252169436566e-173 -1.5318085786116226e-243 4.2324113984234241e-210 3.7390614860688411e-18 -5.7777235230013973e-56 6.7342932614838534e-75 -7.3005760084459956e-84 -3.1892995620945947e-21
-7.6316523860617476e-257 2.3005694415875617e-08 -2.7160505929137281e+248 3.3405740905340923e+98 3.1473551301140415e+213 7.390708537300585e+17 -7.2010579778837184e+251 -2.0318563914097897e-212 1.1950418230371691e-200 2.2741038623016149e+27 -2.5649206837108939e-194 4.0910223184358551e-232
4.5113868571773761e-53 -2.2117378127925765e+230 8.3524191185695375e-23 -2.4238915129630538e+191 -1.4247994701090457e+71 -7.8649123089767025e+54 -1.7898855575222916e+197 9.4405084744270667e+264 -0.00041371013306989307 4.0713221928870762e+51 -1.407642649218663e+262 -4.4216662188512118e-07
4.238809867938252e+153 -9.5889550952229644e+253 1.6851162357491924e-47 4.7845440707220934e-234 3.4817761539820063e-246 -7.3251258325300016e-195 -1.2481116854708565e-102 5.1105791056066067e+120 -1.9699031201246472e+227 -2.1105154578286343e-94 -2.5200465894451496e-200 -1.5479329268481871e-149
-7451731.2352145817 -2.3541797900646973e+176 -1.0120572674518261e+150 1.1923637977403803e+221 -2.4641003160417455e+156 -1.107449536349125e-122 -1.1038880547860379e+211 -5.7714838886852169e+222 -1.4247242736657045e+24 -3.7491942392303778e-28 -6.4650385267430317e-165 -8.7553745149006085e-32
-3.5502980578212759e+252 2112062274.1668124 -6.5563856977813674e+94 1.3610444609286175e-52 -2.3844931179553444e-203 2.6885054961131538e-184 1.0313045181910979e-144 6.891454731363062e-251 -1.2114866981294751e-189 3.8765459928854765e+226 3.6065044960990637e-166 5.5590366132059354e-94
4.4914092872359384e+156 4.9232535101915241e-105 7.2530194505624986e+17 -3.7177509123752784e-110 53955701890104.969 -1.1965462431230341e+139 1.3280155750176462e-213 6.2877932856084644e+18 1.9579154332859875e+106 1.2937228507191134e+170 -5.3873131271172232e-141 2.5527629789849695e+77
2.0248621172999105e-33 3.3294056507814328e-220 -1.1055755357711926e+232 -230356135223379.88 4.4182522001566483e-268 -5.1340718968376483e+158 1.3764240054551234e-85 2.4259031305986326e+113 -2.4217870561443485e-226 -1.4698598103967677e-230 -0.00072846356594482263 2.6569692197525135e-110
8.5247802668816304e-49 -2.6195154260915775e+51 -8.6827971451361346e+204 -3.3117339065004753e+84 -1.7107280942733423e+19 5.5903163267293118e+19 1.3605717984929616e+221 -1.9831019873910136e+254 -6.2441958785555272e-102 -3.1733015164117142e+196 2.494024189264517e-106 3.3517504990230558e-199
1.5823826702534462e+32 1.1574884594194633e-222 -5.5029309309620305e-176 -3.3863349563798348e-241 -1.1011652653168219e+198 1.0867888634110561e-85 -6.8649180790439607e+90 -7.6424596776897308e+256 -4.5925254927453137e+202 -1.0913433463782733e+116 6.3611728395699766e-150 -12972.214307746799
-4.076924098533902e-140 -7.8180757810989949e-113 -3.7891491996288453e+99 8.9086838381275138e+159 -7.8163740504094905e+108 1.0926145416796413e-153 -2.741679369354788e+163 -5.4236802634522285e+249 2.198858004125045e+184 1.5407490982835094e+117 -9.0786562885174036e-184 3.6724594846597799e-93
-1.8340661893057838e-49 -3.6446906891052215e+176 6.7288325663294924e-103 -6.9639920766093234e-140 -1.1384499690412561e+108 2.752544499055563e+190 4.5656752694398557e-67 -4.1923550739838585e-165 -7.0639697929360369e+179 -82361678805691.812 6.0556800117763135e+136 7.5571679022595214e-186
13.323628373979759 -3.5750705477054401e-260 1.0387051526396931e+182 -1.615438784041526e+24 -1466940206124298 1.6098895697617724e+132 -2.675329960987164e-178 2.7520799432783941e+102 -2.584417111812314e-103 1.1795906794073132e+147 3.534813757993209e+179 1.6878506219384335e-180
-5.2839900097412378e+262 1.4346353150648828e+38 1.013343850817226e+102 1.6778431743233259e-194 -3.1539937411540451e+147 5.8955977761438861e-249 7.1306013931372477e-113 -6.1399940119581476e+87 2.9347953200204256e+23 1.1056007994370716e-219 -4.453007858755656e+231 -2.0378767516846814e-256
-6.6594057078779946e-178 2.8193301787536866e+260 1.3309856251760402e+215 -6.5694982749929716e+28 3.9427791283656921e+102 -7.3276700504570156e-187 3.7842723554792886e-93 -2.3639468125102631e+132 -3.4414944360714823e-131 4.9593737643192317e-60 2.3251957339889168e+150 4.9231021835173107e+243
62409373.283281595 -1.6189952545051967e+204 -5932640.3789705094 7.6799261340124485e-140 -6.1565715938766765e-143 1.3003713501671385e-05 -7.8628932256949028e+108 1.4865440451554152e-219 -1.0662119452958949e-17 -2.0155782252245631e+19 -1.5036048281230491e-210 1.1123780377284483e-160
-2.5414335022360869e-194 4.1705657969921703e+45 6.2197317495909531e+176 2.5508244249229412e+136 -4.6128395665309661e+241 -5.153184867162618e-79 6.0874031114561286e+31 4.3057558127615421e-96 2.1284565121564406e+81 8.6592827513342099e-165 1.4650098526214526e+66 4.252037801736764e-149
4.3485628261771374e-08 1.9292998175132236e+37 -2.7069024405628544e-29 8.4094944377547276e+245 -2.3927478115432748e+257 1.5726152544225318e-143 9.0028549374392785e+208 1.5742978729108524e-105 9.0599603288830588e+222 -1.4168806131082963e+154 2.6374443829797429e+255 4.0080369387485538e+221
1.4193470894007784e-35 2.4146710056278726e-197 -9.157780398076849e+96 -1.2047589958923296e-256 -1.6747840477649283e+25 -4.3248760899139433e-88 -7.1793420425196027e-230 -8.9078849931442327e+143 2.9607599055985513e-209 3.7330894929746795e-122 3.3273453087708185e+135 2.7961293101166726e-181
-1.4967838603965764e-41 -1.5327704407480685e-248 -1.0928170857812327e-07 -1.5246458796386787e-270 2.3855259835288023e+212 4.6040925616808018e+95 3.1108775578528391e+112 3.2027580666129883e-40 -1.0551912982694547e+257 1.3871910314741081e+217 -2.0011635477276642e-74 1.6476103516100408e-71
2.1520437705643187e+253 2.473673672782511e-151 -4.5331175195172258e-41 1.0096137412728707e-77 -1.8879172056426877e+158 -3.3799963769718819e+76 1.613677993877579e-210 1.3765147637560188e+51 7.4774202293872292e+109 1.5301945369838167e-158 -2.8876742127635529e-220 7.6486158372993331e+210
-1.3140810439910308e+121 7.8182705668555046e+132 -1.3630044875385418e-134 1.7995588288887338e+227 1.459007361755324e-196 8.4714546241725013e+255 -4.4232610354068497e-153 1.517479884567494e-242 -6.9538802646388929e-186 -3.8726420939242543e-128 1.1303850188556901e+266 -1.5282072615295109e-185
1.3148538996275243e-154 -1.4555065423967218e+225 -3.2462013008041745e+260 -3.2380867624868063e+158 -3.9050133804543652e-25 -8.4890861368888567e+248 -5.3643502638584554e-32 -7.5672833028534314e+213 3.9857191480059243e+36 -7.7905807998337937e-18 -6.2229807864804826e+169 9.577306038865748e-125
-1.1136695637655882e+222 -1.6507093826268828e+127 -4.6665109924135208e-248 4.5320278466823207e+259 -8.674233503915379e+36 26803576004830.898 -5.1785608625523534e+21 -2.3459880343377917e+50 2.2907871853861559e+181 -1.5474319128911492e-85 -5.6691564270736731e-81 6.7684980524780696e-220
-5.1248778979843677e+127 4.1840942936731213e-197 -9.5222304420288281e-129 1.9735365296982214e-29 1.4469274699520083e+145 -0.02753287335687956 -2.9768036748753003e+199 1.8350129737814962e+216 3.4921865934271146e+127 -2.6141026575901522e-258 -2.184812529326953e-204 -6.6678316539592298e+159
3.2320787178625278e-49 -6.2566066108542336e-160 -2.1353095756021727e+181 -8.1002086359381268e+251 -2.8091295050958491e-13 -1.7332894152499073e-198 -3.0368684852120998e+148 2.0597798649563663e+43 -4.6060409149364478e+204 -4.9363262596546305e-88 1.438925398843405e+58 3.1605172110425346e+181
-3.3439368542052859e+230 -1.3967767156371323e-11 -1.4783033432627438e+168 -2.5392349395419823e+197 8.6448051067718574e+18 -1.0264165322929995e-163 1.4686004003116376e-206 1.3512246337365304e+22 3.5175286697201097e-103 4266131.2605959959 8.2473730200115429e+177 3.4221492699625109e-51
1.4413591098310032e-115 4.9382220498352242e+98 -1.8165482771044435e-138 8.9377164843520888e+68 -7.9582596785604954e-92 4.4748339594499312e+108 -1.2337143664405436e-174 -9.931520795790605e+59 -1.6041962673531125e+115 6.8714582439035598e+93 -3.5357277386925516e-263 -1.2884227690513127e-92
-1.4353054079008797e-167 -2.8416058630133103e+120 -4.4887182239325966e-115 1.017462498726281e+169 -7.7468196358807899e+240 -1.4396639663460707e+147 -1.7478080864860061e-203 6.7730322337498962e-95 -4.6227661339598406e+160 3.329986031408693e+72 -7.9626263679617885e-224 1.6795624027512326e-18
-21737375022088064 9.4027949262427529e-98 6.0051854935874171e-83 3.4858282339922337e-214 3.4041935928131516e-31 -3.047822815883972e-238 -4.0411157294003922e+138 1.0479696751491648e+92 -9.7972924885190373e+201 -3.3733449506753309e+249 1.3919336489787375e-211 371099187491490.5
5.1771208839924462e+37 -2.4775851139465586e+114 -6.5345626724656251e-167 1.0547459862625635e+61 -9.3159965713489939e+198 -15815912469.684532 -2.6780689895222279e-188 2.2090677887282568e-203 -1.0253058171846742e-233 -5.1962792153626089e+213 -9.604276247574038e-32 8.4400891753344793e-60
1.5760938943341941e+178 3.2994882645941053e+47 1.7408041610157638e-120 -5.236220104952071e+104 -5.0892483010292392e-64 -1.2086388983146893e+38 -4.4182538080184458e-119 1.1339900707563524e-226 -1.2506189471270505e+111 2.2515579701668528e-147 2.1697392750038347e+65 -2.5125365160390114e-56
6.2919656715538887e-193 -2.1333602391744834e-152 3.2515318122076501e+146 -1.1606340220222812e-92 1.1571388637896812e-180 4.0954758708209308e-138 3.4631684740695068e+152 9.833147155436556e-96 -4.7351341715952523e+77 2.3126673804558225e-140 -3.9112844305891078e+238 -5.7790707569098098e-92
1.194498747530477e-209 1.2727520447807428e-141 -1.5081745328066766e+175 -1.6149758773307886e+202 9.571457811366042e+214 -8.6241035502809629e-239 3.3161537983966195e+205 -6.4513048760394911e-241 -1.3753606783629697e+167 -1.4106895556623436e-84 1.4861456119754855e-161 -1.3325793547373797e-15
1.354344839058628e+42 -2.5795714130460374e-123 -2.8678495891252456e+90 -2.0173113376973868e+71 8.002515637953366e+260 -1.628438479276669e-162 0.050891533121566912 -1.1132010738890473e+61 -7.1046009580934621e-81 -0.00018354311698673431 1.9059226893477033e+118 -2.8829868231963217e+151
-1.8652061882999235e-116 9.0637138390956862e+235 -9.0683348484517988e-204 1.2980324364900386e-147 1.03571140260615e+135 -1.1562088119887642e-10 3.4411675917888145e+22 -1.6356977759484636e-60 2.4654344365458408e-113 1.1210043877504181e-260 4.186106997231824e-255 -3.9885250670232134e-261
2.6514643211801883e-93 5.1792190595015065e+174 -1.9383352258135938e+52 -5.7555070828792751e-214 0.10048303058305141 -3.5722334803287939e+49 -6.319764716105035e-80 -5.6843014930518982e-167 1.405014850456463e+20 -1.5009173668538602e+184 -9.0074856263309707e+113 -7.9879533371984051e+139
1.2601135976467194e-23 6.2842354299766058e-63 3.0923767989592813e-115 2.0996541646914633e+73 5.0639240092859956e-213 -3.0860739556588643e-32 -6.5414946385196166e+229 7.4580111978315279e+184 -5.8224857068838612e+122 3.397242442045985e+143 -8.7486408418435779e+165 2.6951445996920388e+267
-1.3075192335395979e-85 2.4781820321089115e+149 5.5043206706338347e+38 -1.3290932983007575e+75 2.6350706309654888e+57 1.6777494172425734e-112 -1.4865298063834034e+250 9.4977603013731226e+17 7.2316983974616556e+199 -2.1481144672932223e+110 1.7702587555667372e+34 4.0100576127936869e+242
0 0 0 6.1897001964269014e+26 6.1897001964269027e+26 0 6.1897001964269e+26 6.1897001964269014e+26 0 0 0 6.1897001964269014e+26
0 0 0 9.403954806578298e-38 9.4039548065783001e-38 0 9.4039548065783001e-38 9.4039548065783022e-38 0 0 0 9.4039548065783001e-38
0 0 0 1.1417981541647679e+46 1.1417981541647682e+46 0 1.1417981541647677e+46 1.1417981541647679e+46 0 0 0 1.1417981541647679e+46
0 0 0 4.1137613933030151e+62 4.113761393303016e+62 0 4.1137613933030142e+62 4.1137613933030151e+62 0 0 0 4.1137613933030151e+62
0 0 0 6.6530622500127355e-111 6.653062250012737e-111 0 6.653062250012734e-111 6.6530622500127355e-111 0 0 0 6.6530622500127355e-111
0 0 0 5.3455294201843901e-51 5.3455294201843913e-51 0 5.3455294201843913e-51 5.3455294201843925e-51 0 0 0 5.3455294201843913e-51
0 0 0 1.4678391142336458e+107 1.4678391142336461e+107 0 1.4678391142336454e+107 1.4678391142336458e+107 0 0 0 1.4678391142336458e+107
0 0 0 4.9303806576313227e-32 4.9303806576313238e-32 0 4.9303806576313238e-32 4.9303806576313249e-32 0 0 0 4.9303806576313238e-32
0 0 0 2.3082446544464334e-128 2.3082446544464339e-128 0 2.3082446544464339e-128 2.3082446544464345e-128 0 0 0 2.3082446544464339e-128
0 0 0 6.7470066836675334e-80 6.7470066836675349e-80 0 6.7470066836675349e-80 6.7470066836675364e-80 0 0 0 6.7470066836675349e-80
0 0 0 4.3601508761683463e-106 4.3601508761683473e-106 0 4.3601508761683454e-106 4.3601508761683463e-106 0 0 0 4.3601508761683463e-106
0 0 0 8.0695308690215893e+118 8.0695308690215911e+118 0 8.0695308690215876e+118 8.0695308690215893e+118 0 0 0 8.0695308690215893e+118
0 0 0 5.7397185098744507e-42 5.739718509874452e-42 0 5.7397185098744494e-42 5.7397185098744507e-42 0 0 0 5.7397185098744507e-42
0 0 0 6.2434971006319845e+144 6.2434971006319858e+144 0 6.2434971006319831e+144 6.2434971006319845e+144 0 0 0 6.2434971006319845e+144
0 0 0 7.1362384635297978e+44 7.1362384635297994e+44 0 7.1362384635297994e+44 7.136238463529801e+44 0 0 0 7.1362384635297994e+44
0 0 0 8.0083323807324019e-146 8.0083323807324037e-146 0 8.0083323807324037e-146 8.0083323807324055e-146 0 0 0 8.0083323807324037e-146
0 0 0 7.7451838296986348e-121 7.7451838296986365e-121 0 7.7451838296986365e-121 7.7451838296986383e-121 0 0 0 7.7451838296986365e-121
0 0 0 8.8434366004167113e-75 8.8434366004167133e-75 0 8.8434366004167093e-75 8.8434366004167113e-75 0 0 0 8.8434366004167113e-75
0 0 0 3.4063678720065198e-108 3.4063678720065206e-108 0 3.4063678720065206e-108 3.4063678720065213e-108 0 0 0 3.4063678720065206e-108
0 0 0 1.9176146348819244e-93 1.9176146348819249e-93 0 1.917614634881924e-93 1.9176146348819244e-93 0 0 0 1.9176146348819244e-93
0 0 0 8.6361685550944427e-78 8.6361685550944446e-78 0 8.6361685550944446e-78 8.6361685550944465e-78 0 0 0 8.6361685550944446e-78
0 0 0 3.8518598887744717e-34 3.8518598887744726e-34 0 3.8518598887744709e-34 3.8518598887744717e-34 0 0 0 3.8518598887744717e-34
0 0 0 3.8478521676166475e+112 3.8478521676166484e+112 0 3.8478521676166484e+112 3.8478521676166492e+112 0 0 0 3.8478521676166484e+112
0 0 0 1.3758210268297395e-135 1.3758210268297398e-135 0 1.3758210268297398e-135 1.3758210268297401e-135 0 0 0 1.3758210268297398e-135
0 0 0 9.9568244445778245e-60 9.9568244445778267e-60 0 9.9568244445778267e-60 9.9568244445778289e-60 0 0 0 9.9568244445778267e-60
0 0 0 1.9999999999999996 2 0 2 2.0000000000000004 0 0 0 2
0 0 0 8192 8192.0000000000018 0 8191.9999999999982 8192 0 0 0 8192
0 0 0 3.637978807091713e-12 3.6379788070917138e-12 0 3.6379788070917121e-12 3.637978807091713e-12 0 0 0 3.637978807091713e-12
0 0 0 4.3601508761683454e-106 4.3601508761683463e-106 0 4.3601508761683463e-106 4.3601508761683473e-106 0 0 0 4.3601508761683463e-106
0 0 0 8191.9999999999982 8192 0 8192 8192.0000000000018 0 0 0 8192
0 0 0 18014398509481980 18014398509481984 0 18014398509481984 18014398509481988 0 0 0 18014398509481984
0 0 0 2147483647.9999995 2147483648 0 2147483648 2147483648.0000005 0 0 0 2147483648
0 0 0 2.4049076047604052e+111 2.4049076047604058e+111 0 2.4049076047604047e+111 2.4049076047604052e+111 0 0 0 2.4049076047604052e+111
0 0 0 1.5030672529752533e+110 1.5030672529752536e+110 0 1.5030672529752529e+110 1.5030672529752533e+110 0 0 0 1.5030672529752533e+110
0 0 0 5.2884477503219876e+123 5.2884477503219888e+123 0 5.2884477503219888e+123 5.28844775032199e+123 0 0 0 5.2884477503219888e+123
0 0 0 1.4885657073574026e+138 1.4885657073574029e+138 0 1.4885657073574029e+138 1.4885657073574032e+138 0 0 0 1.4885657073574029e+138
0 0 0 1.0889035741470028e+40 1.0889035741470031e+40 0 1.0889035741470031e+40 1.0889035741470033e+40 0 0 0 1.0889035741470031e+40
0 0 0 3.2910091146424121e+63 3.2910091146424128e+63 0 3.2910091146424114e+63 3.2910091146424121e+63 0 0 0 3.2910091146424121e+63
0 0 0 1.4551915228366852e-11 1.4551915228366855e-11 0 1.4551915228366849e-11 1.4551915228366852e-11 0 0 0 1.4551915228366852e-11
0 0 0 7.2370055773322622e+75 7.2370055773322638e+75 0 7.2370055773322606e+75 7.2370055773322622e+75 0 0 0 7.2370055773322622e+75
0 0 0 7.4428285367870146e+137 7.4428285367870162e+137 0 7.4428285367870129e+137 7.4428285367870146e+137 0 0 0 7.4428285367870146e+137
0 0 0 2.8544953854119191e+45 2.8544953854119198e+45 0 2.8544953854119198e+45 2.8544953854119204e+45 0 0 0 2.8544953854119198e+45
0 0 0 1.1972621413014754e+52 1.1972621413014757e+52 0 1.1972621413014757e+52 1.1972621413014759e+52 0 0 0 1.1972621413014757e+52
0 0 0 6.9316742353020356e+128 6.9316742353020371e+128 0 6.9316742353020371e+128 6.9316742353020387e+128 0 0 0 6.9316742353020371e+128
0 0 0 4.1581639062579588e-112 4.1581639062579597e-112 0 4.1581639062579597e-112 4.1581639062579606e-112 0 0 0 4.1581639062579597e-112
0 0 0 3.6575596521032799e-99 3.6575596521032808e-99 0 3.6575596521032791e-99 3.6575596521032799e-99 0 0 0 3.6575596521032799e-99
0 0 0 7.5636560836900748e-124 7.5636560836900764e-124 0 7.5636560836900731e-124 7.5636560836900748e-124 0 0 0 7.5636560836900748e-124
0 0 0 33554432 33554432.000000007 0 33554431.999999993 33554432 0 0 0 33554432
0 0 0 3.6734198463196485e-40 3.6734198463196493e-40 0 3.6734198463196476e-40 3.6734198463196485e-40 0 0 0 3.6734198463196485e-40
0 0 0 1.4901161193847656e-08 1.490116119384766e-08 0 1.4901161193847653e-08 1.4901161193847656e-08 0 0 0 1.4901161193847656e-08
0 0 0 4.1359030627651384e-25 4.1359030627651393e-25 0 4.1359030627651375e-25 4.1359030627651384e-25 0 0 0 4.1359030627651384e-25
0 0 0 9.4955677457597966e-66 9.4955677457597987e-66 0 9.4955677457597987e-66 9.4955677457598009e-66 0 0 0 9.4955677457597987e-66
0 0 0 34359738368 34359738368.000008 0 34359738367.999992 34359738368 0 0 0 34359738368
0 0 0 6.5253044679985245e-55 6.525304467998526e-55 0 6.5253044679985231e-55 6.5253044679985245e-55 0 0 0 6.5253044679985245e-55
0 0 0 5.0487097934144756e-29 5.0487097934144767e-29 0 5.0487097934144744e-29 5.0487097934144756e-29 0 0 0 5.0487097934144756e-29
0 0 0 1.0783978666860254e+68 1.0783978666860256e+68 0 1.0783978666860256e+68 1.0783978666860258e+68 0 0 0 1.0783978666860256e+68
0 0 0 3.36999333339383e+66 3.3699933333938307e+66 0 3.3699933333938292e+66 3.36999333339383e+66 0 0 0 3.36999333339383e+66
0 0 0 3.4395525670743487e-136 3.4395525670743494e-136 0 3.4395525670743494e-136 3.4395525670743502e-136 0 0 0 3.4395525670743494e-136
0 0 0 7.098034416949286e+131 7.0980344169492876e+131 0 7.0980344169492845e+131 7.098034416949286e+131 0 0 0 7.098034416949286e+131
0 0 0 1.5709099088952725e-89 1.5709099088952728e-89 0 1.5709099088952721e-89 1.5709099088952725e-89 0 0 0 1.5709099088952725e-89
0 0 0 36028797018963960 36028797018963968 0 36028797018963968 36028797018963976 0 0 0 36028797018963968
0 0 0 4.2719740718418202e+96 4.2719740718418211e+96 0 4.2719740718418192e+96 4.2719740718418202e+96 0 0 0 4.2719740718418202e+96
0 0 0 3.9827297778311307e-59 3.9827297778311316e-59 0 3.9827297778311298e-59 3.9827297778311307e-59 0 0 0 3.9827297778311307e-59
0 0 0 2.3738919364399492e-66 2.3738919364399497e-66 0 2.3738919364399497e-66 2.3738919364399502e-66 0 0 0 2.3738919364399497e-66
0 0 0 2.3485425827738327e+108 2.3485425827738332e+108 0 2.3485425827738332e+108 2.3485425827738337e+108 0 0 0 2.3485425827738332e+108
0 0 0 1.8111358157653425e-71 1.8111358157653429e-71 0 1.8111358157653421e-71 1.8111358157653425e-71 0 0 0 1.8111358157653425e-71
0 0 0 5.0925899408362152e+89 5.0925899408362163e+89 0 5.0925899408362141e+89 5.0925899408362152e+89 0 0 0 5.0925899408362152e+89
0 0 0 1.3221119375804969e+123 1.3221119375804972e+123 0 1.3221119375804972e+123 1.3221119375804975e+123 0 0 0 1.3221119375804972e+123
0 0 0 8796093022208 8796093022208.002 0 8796093022207.998 8796093022208 0 0 0 8796093022208
0 0 0 1.0936253623915057e+99 1.093625362391506e+99 0 1.093625362391506e+99 1.0936253623915062e+99 0 0 0 1.093625362391506e+99
0 0 0 1.0830740992659431e+127 1.0830740992659433e+127 0 1.0830740992659433e+127 1.0830740992659435e+127 0 0 0 1.0830740992659433e+127
0 0 0 1.3234889800848443e-23 1.3234889800848446e-23 0 1.323488980084844e-23 1.3234889800848443e-23 0 0 0 1.3234889800848443e-23
0 0 0 7.9310682416114038e-118 7.9310682416114056e-118 0 7.9310682416114021e-118 7.9310682416114038e-118 0 0 0 7.9310682416114038e-118
0 0 0 1.1985091468012028e-94 1.198509146801203e-94 0 1.1985091468012025e-94 1.1985091468012028e-94 0 0 0 1.1985091468012028e-94
0 0 0 1.4272476927059596e+45 1.4272476927059599e+45 0 1.4272476927059599e+45 1.4272476927059602e+45 0 0 0 1.4272476927059599e+45
0 0 0 9.0854840536950841e+133 9.0854840536950861e+133 0 9.0854840536950861e+133 9.0854840536950881e+133 0 0 0 9.0854840536950861e+133
0 0 0 8.5528470722950242e-50 8.5528470722950261e-50 0 8.5528470722950261e-50 8.552847072295028e-50 0 0 0 8.5528470722950261e-50
0 0 0 8.7581154020301047e-47 8.7581154020301067e-47 0 8.7581154020301067e-47 8.7581154020301086e-47 0 0 0 8.7581154020301067e-47
0 0 0 1.1754943508222875e-38 1.1754943508222878e-38 0 1.1754943508222872e-38 1.1754943508222875e-38 0 0 0 1.1754943508222875e-38
0 0 0 1.069105884036878e-50 1.0691058840368783e-50 0 1.0691058840368783e-50 1.0691058840368785e-50 0 0 0 1.0691058840368783e-50
0 0 0 1.9615942923083373e+56 1.9615942923083377e+56 0 1.9615942923083377e+56 1.9615942923083382e+56 0 0 0 1.9615942923083377e+56
0 0 0 1.0141204801825835e+31 1.0141204801825837e+31 0 1.0141204801825833e+31 1.0141204801825835e+31 0 0 0 1.0141204801825835e+31
0 0 0 7.1746481373430618e-43 7.1746481373430634e-43 0 7.1746481373430634e-43 7.174648137343065e-43 0 0 0 7.1746481373430634e-43
0 0 0 0.000244140625 0.00024414062500000005 0 0.00024414062499999995 0.000244140625 0 0 0 0.000244140625
0 0 0 8.5988814176858736e-137 8.5988814176858755e-137 0 8.5988814176858717e-137 8.5988814176858736e-137 0 0 0 8.5988814176858736e-137
0 0 0 1.3538426240824288e+126 1.3538426240824291e+126 0 1.3538426240824291e+126 1.3538426240824294e+126 0 0 0 1.3538426240824291e+126
0 0 0 3.2033329522929608e-145 3.2033329522929615e-145 0 3.2033329522929615e-145 3.2033329522929622e-145 0 0 0 3.2033329522929615e-145
0 0 0 2.4519928653854216e+55 2.4519928653854222e+55 0 2.4519928653854222e+55 2.4519928653854227e+55 0 0 0 2.4519928653854222e+55
0 0 0 2.8544953854119191e+45 2.8544953854119198e+45 0 2.8544953854119198e+45 2.8544953854119204e+45 0 0 0 2.8544953854119198e+45
0 0 0 1.9239260838083242e+112 1.9239260838083246e+112 0 1.9239260838083238e+112 1.9239260838083242e+112 0 0 0 1.9239260838083242e+112
0 0 0 1.6155871338926322e-27 1.6155871338926325e-27 0 1.6155871338926318e-27 1.6155871338926322e-27 0 0 0 1.6155871338926322e-27
0 0 0 9.3633527093843946e-97 9.3633527093843967e-97 0 9.3633527093843967e-97 9.3633527093843987e-97 0 0 0 9.3633527093843967e-97
0 0 0 7.9228162514264338e+28 7.9228162514264355e+28 0 7.922816251426432e+28 7.9228162514264338e+28 0 0 0 7.9228162514264338e+28
0 0 0 1.2325951644078309e-32 1.2325951644078312e-32 0 1.2325951644078307e-32 1.2325951644078309e-32 0 0 0 1.2325951644078309e-32
0 0 0 8.8725430211866056e+130 8.8725430211866076e+130 0 8.8725430211866076e+130 8.8725430211866095e+130 0 0 0 8.8725430211866076e+130
0 0 0 3.0980735318794539e-120 3.0980735318794546e-120 0 3.0980735318794546e-120 3.0980735318794553e-120 0 0 0 3.0980735318794546e-120
3 6 0 -5 -3 0 -5 1 0 4 2 0
-5 6 6 6 2 -2 0 8 6 6 2 -2
7 3 0 -7 5 0 -5 3 0 -6 -5 0
-3 -3 0 -5 -5 0 8 0 0 8 -2 0
-2 -2 0 -1 6 0 -8 4 0 6 -8 0
4 -5 0 -6 -8 0 1 2 0 -5 6 0
3 5 -1 -7 3 8 0 -1 6 -7 3 8
-1 4 0 5 -2 0 -8 3 0 -5 -4 0
-7 2 0 3 5 0 -1 4 0 8 5 0
-8 4 2 8 8 1 7 6 2 8 8 1
-6 8 6 -2 -6 -2 -7 8 -8 -2 -6 -2
-3 -4 0 -3 -8 0 -4 5 0 8 -4 0
6 -7 -6 2 -7 -7 -5 -7 -4 2 -7 -7
-3 7 0 8 2 -4 0 -6 4 8 2 -4
-7 -6 6 -5 0 8 0 -5 2 -5 0 8
-8 7 0 8 -3 0 4 2 0 -7 1 0
4 -2 0 -5 1 0 3 7 0 7 -4 0
-2 -7 0 -1 -6 0 6 6 0 -1 0 0
4 8 -8 -6 4 2 -8 1 6 -6 4 2
-4 2 -4 -3 -2 -8 -6 -3 8 -3 -2 -8
8 0 -7 -4 -4 -4 1 2 8 -4 -4 -4
1 0 0 0 1 0 -4 -4 0 3 2 0
-6 7 0 -6 1 0 -4 -6 0 2 -3 0
0 -8 0 1 -3 0 4 -7 0 -2 0 0
6 -7 0 7 6 0 -4 8 0 -2 5 0
0 -7 -1 -1 -2 -5 -3 -8 1 -1 -2 -5
6 -8 0 -6 3 0 7 -2 0 5 -8 0
8 4 0 -1 0 0 -6 -2 0 -4 -3 0
-5 8 0 -8 6 0 1 7 0 -2 2 0
7 -5 0 -8 -2 0 1 -8 0 7 -1 0
3 3 -5 -1 4 1 1 -8 -4 -1 4 1
7 7 0 -2 4 0 6 7 0 7 2 0
2 -8 -7 7 -6 2 -2 6 -6 7 -6 2
1 0 0 -5 -6 0 -7 8 0 -1 -2 0
6 -3 5 4 -7 -3 -7 6 -2 4 -7 -3
-6 5 3 3 -4 2 -7 0 -8 3 -4 2
-7 6 0 2 -5 0 1 -1 0 8 -5 0
6 -7 0 4 5 0 6 -7 0 -6 -1 0
5 4 0 2 -5 0 -7 -2 0 -2 -7 0
1 5 0 1 0 0 5 -7 0 3 8 0
-8 0 -8 8 8 0 4 -5 -6 8 8 0
-5 -5 4 -2 4 8 3 -6 -8 -2 4 8
-2 7 0 -3 -1 0 0 -6 0 -8 -6 0
2 7 0 -6 -1 0 -6 -8 0 -2 -5 0
-7 -4 -1 5 8 2 6 -5 5 5 8 2
4 4 0 -8 -6 0 -1 -1 0 -3 1 0
8 8 -8 7 -6 -5 -4 2 3 7 -6 -5
4 1 0 0 -2 0 0 1 0 -6 3 0
0 -6 0 8 -8 0 -1 -8 0 7 5 0
4 -2 -6 -8 -8 -1 6 -4 7 -8 -8 -1
-8 -6 -3 3 8 2 7 -7 -1 3 8 2
-5 -4 5 0 1 -8 -6 7 6 0 1 -8
-5 6 0 -4 4 0 6 2 0 4 -2 0
6 -3 6 0 -2 -2 -2 0 4 0 -2 -2
0 3 0 -4 4 0 1 5 0 3 6 0
7 -4 -1 3 -3 6 3 -1 4 3 -3 6
1 -2 0 -5 -5 0 3 2 0 -5 -8 0
-1 -7 0 8 6 0 -7 -3 0 5 -2 0
7 2 0 2 -8 0 -3 5 0 7 6 0
5 7 0 3 -3 0 0 4 0 3 1 0
2 5 0 6 0 0 8 8 0 -7 -3 0
-1 -4 -7 4 7 6 -7 -2 1 4 7 6
-8 -7 5 0 -8 -5 -8 -7 3 0 -8 -5
-2 -3 0 -6 5 0 5 -2 0 -1 6 0
0 0 0 4.9406564584124654e-324 0 0 0 4.9406564584124654e-324 0 0 0 4.9406564584124654e-324
-1.7976931348623157e+308 0 0 1.7976931348623157e+308 0 0 0 1.7976931348623157e+308 0 0 0 1.7976931348623157e+308
