1
0 0 0 0 0 1 0.125 0 2 0 10000000000 1 9.3232734560603451e-51 0 -3.6161543196496199e-51 2 0.125 0 2.5 0 20000000000 2 0 1e-50 0 3 0.125 0 3 0 30000000000 3 3.6161543196496199e-51 0 9.3232734560603451e-51 4 0.125 0 3.5 0 40000000000
3
1.6174284719637456e-51 2.5e-51 7.1338989205134065e-52 5.1136560179863742e-51 1.25e-51 -6.4266797781726682e-52
5.1136560179863742e-51 1.25e-51 -6.4266797781726682e-52 1.6174284719637456e-51 2.5e-51 7.1338989205134065e-52
1.6174284719637456e-51 2.5e-51 7.1338989205134065e-52 1.2939427775709965e-50 1e-50 5.7071191364107252e-51
1
0 0 9.9999999999999997e-48 9.9999999999999997e-48 9.9999999999999997e-48 1 0.125 0 2 0 10000000000 1 1.0009323273456061e-47 9.9999999999999997e-48 9.9963838456803503e-48 2 0.125 0 2.5 0 20000000000 2 9.9999999999999997e-48 1.001e-47 9.9999999999999997e-48 3 0.125 0 3 0 30000000000 3 1.000361615431965e-47 9.9999999999999997e-48 1.0009323273456061e-47 4 0.125 0 3.5 0 40000000000
3
1.0001617428471964e-47 1.00025e-47 1.0000713389892051e-47 1.0005113656017986e-47 1.000125e-47 9.9993573320221829e-48
1.0005113656017986e-47 1.000125e-47 9.9993573320221829e-48 1.0001617428471964e-47 1.00025e-47 1.0000713389892051e-47
1.0001617428471964e-47 1.00025e-47 1.0000713389892051e-47 1.001293942777571e-47 1.001e-47 1.0005707119136411e-47
1
0 0 0 0 0 1 0.125 0 2 0 10000000000 1 0.93232734560603447 0 -0.36161543196496199 2 0.125 0 2.5 0 20000000000 2 0 1 0 3 0.125 0 3 0 30000000000 3 0.36161543196496199 0 0.93232734560603447 4 0.125 0 3.5 0 40000000000
3
0.16174284719637455 0.25 0.071338989205134068 0.51136560179863744 0.125 -0.064266797781726684
0.51136560179863744 0.125 -0.064266797781726684 0.16174284719637455 0.25 0.071338989205134068
0.16174284719637455 0.25 0.071338989205134068 1.2939427775709964 1 0.57071191364107254
1
0 0 1000 1000 1000 1 0.125 0 2 0 10000000000 1 1000.932327345606 1000 999.63838456803501 2 0.125 0 2.5 0 20000000000 2 1000 1001 1000 3 0.125 0 3 0 30000000000 3 1000.361615431965 1000 1000.932327345606 4 0.125 0 3.5 0 40000000000
3
1000.1617428471964 1000.25 1000.0713389892052 1000.5113656017986 1000.125 999.93573320221833
1000.5113656017986 1000.125 999.93573320221833 1000.1617428471964 1000.25 1000.0713389892052
1000.1617428471964 1000.25 1000.0713389892052 1001.293942777571 1001 1000.570711913641
1
0 0 0 0 0 1 0.125 0 2 0 10000000000 1 9.3232734560603458e+49 0 -3.6161543196496203e+49 2 0.125 0 2.5 0 20000000000 2 0 1.0000000000000001e+50 0 3 0.125 0 3 0 30000000000 3 3.6161543196496203e+49 0 9.3232734560603458e+49 4 0.125 0 3.5 0 40000000000
3
1.6174284719637456e+49 2.5000000000000002e+49 7.1338989205134068e+48 5.1136560179863744e+49 1.2500000000000001e+49 -6.4266797781726694e+48
5.1136560179863744e+49 1.2500000000000001e+49 -6.4266797781726694e+48 1.6174284719637456e+49 2.5000000000000002e+49 7.1338989205134068e+48
1.6174284719637456e+49 2.5000000000000002e+49 7.1338989205134068e+48 1.2939427775709965e+50 1.0000000000000001e+50 5.7071191364107255e+49
1
0 0 9.9999999999999999e+52 9.9999999999999999e+52 9.9999999999999999e+52 1 0.125 0 2 0 10000000000 1 1.0009323273456062e+53 9.9999999999999999e+52 9.9963838456803501e+52 2 0.125 0 2.5 0 20000000000 2 9.9999999999999999e+52 1.0010000000000002e+53 9.9999999999999999e+52 3 0.125 0 3 0 30000000000 3 1.000361615431965e+53 9.9999999999999999e+52 1.0009323273456062e+53 4 0.125 0 3.5 0 40000000000
3
1.0001617428471964e+53 1.0002500000000001e+53 1.0000713389892053e+53 1.0005113656017987e+53 1.0001250000000002e+53 9.9993573320221836e+52
1.0005113656017987e+53 1.0001250000000002e+53 9.9993573320221836e+52 1.0001617428471964e+53 1.0002500000000001e+53 1.0000713389892053e+53
1.0001617428471964e+53 1.0002500000000001e+53 1.0000713389892053e+53 1.0012939427775712e+53 1.0010000000000002e+53 1.0005707119136412e+53
1
0 0 0 0 0 1 0.125 0 2 0 10000000000 1 9.3232734560603451e-51 0 -3.6161543196496199e-51 2 0.125 0 2.5 0 20000000000 2 0 1e-50 0 3 0.125 0 3 0 30000000000 3 3.6161543196496198e-55 0 9.323273456060345e-55 4 0.125 0 3.5 0 40000000000
3
1.1654543839365388e-51 2.5e-51 -4.5190274903800178e-52 4.6616819299591676e-51 1.25e-51 -1.8079606189066092e-51
4.6616819299591676e-51 1.25e-51 -1.8079606189066092e-51 1.1654543839365388e-51 2.5e-51 -4.5190274903800178e-52
1.1654543839365388e-51 2.5e-51 -4.5190274903800178e-52 9.3236350714923106e-51 1e-50 -3.6152219923040142e-51
1
0 0 9.9999999999999997e-48 9.9999999999999997e-48 9.9999999999999997e-48 1 0.125 0 2 0 10000000000 1 1.0009323273456061e-47 9.9999999999999997e-48 9.9963838456803503e-48 2 0.125 0 2.5 0 20000000000 2 9.9999999999999997e-48 1.001e-47 9.9999999999999997e-48 3 0.125 0 3 0 30000000000 3 1.0000000361615432e-47 9.9999999999999997e-48 1.0000000932327345e-47 4 0.125 0 3.5 0 40000000000
3
1.0001165454383937e-47 1.00025e-47 9.9995480972509618e-48 1.0004661681929959e-47 1.000125e-47 9.9981920393810932e-48
1.0004661681929959e-47 1.000125e-47 9.9981920393810932e-48 1.0001165454383937e-47 1.00025e-47 9.9995480972509618e-48
1.0001165454383937e-47 1.00025e-47 9.9995480972509618e-48 1.0009323635071493e-47 1.001e-47 9.9963847780076958e-48
1
0 0 0 0 0 1 0.125 0 2 0 10000000000 1 0.93232734560603447 0 -0.36161543196496199 2 0.125 0 2.5 0 20000000000 2 0 1 0 3 0.125 0 3 0 30000000000 3 3.6161543196496201e-05 0 9.3232734560603443e-05 4 0.125 0 3.5 0 40000000000
3
0.11654543839365387 0.25 -0.045190274903800176 0.46616819299591677 0.125 -0.18079606189066091
0.46616819299591677 0.125 -0.18079606189066091 0.11654543839365387 0.25 -0.045190274903800176
0.11654543839365387 0.25 -0.045190274903800176 0.932363507149231 1 -0.36152219923040141
1
0 0 1000 1000 1000 1 0.125 0 2 0 10000000000 1 1000.932327345606 1000 999.63838456803501 2 0.125 0 2.5 0 20000000000 2 1000 1001 1000 3 0.125 0 3 0 30000000000 3 1000.0000361615432 1000 1000.0000932327346 4 0.125 0 3.5 0 40000000000
3
1000.1165454383937 1000.25 999.9548097250962 1000.466168192996 1000.125 999.81920393810935
1000.466168192996 1000.125 999.81920393810935 1000.1165454383937 1000.25 999.9548097250962
1000.1165454383937 1000.25 999.9548097250962 1000.9323635071493 1001 999.63847780076958
1
0 0 0 0 0 1 0.125 0 2 0 10000000000 1 9.3232734560603458e+49 0 -3.6161543196496203e+49 2 0.125 0 2.5 0 20000000000 2 0 1.0000000000000001e+50 0 3 0.125 0 3 0 30000000000 3 3.6161543196496202e+45 0 9.323273456060345e+45 4 0.125 0 3.5 0 40000000000
3
1.1654543839365389e+49 2.5000000000000002e+49 -4.5190274903800177e+48 4.6616819299591681e+49 1.2500000000000001e+49 -1.8079606189066093e+49
4.6616819299591681e+49 1.2500000000000001e+49 -1.8079606189066093e+49 1.1654543839365389e+49 2.5000000000000002e+49 -4.5190274903800177e+48
1.1654543839365389e+49 2.5000000000000002e+49 -4.5190274903800177e+48 9.3236350714923108e+49 1.0000000000000001e+50 -3.6152219923040142e+49
1
0 0 9.9999999999999999e+52 9.9999999999999999e+52 9.9999999999999999e+52 1 0.125 0 2 0 10000000000 1 1.0009323273456062e+53 9.9999999999999999e+52 9.9963838456803501e+52 2 0.125 0 2.5 0 20000000000 2 9.9999999999999999e+52 1.0010000000000002e+53 9.9999999999999999e+52 3 0.125 0 3 0 30000000000 3 1.0000000361615432e+53 9.9999999999999999e+52 1.0000000932327347e+53 4 0.125 0 3.5 0 40000000000
3
1.0001165454383938e+53 1.0002500000000001e+53 9.9995480972509621e+52 1.0004661681929959e+53 1.0001250000000002e+53 9.9981920393810945e+52
1.0004661681929959e+53 1.0001250000000002e+53 9.9981920393810945e+52 1.0001165454383938e+53 1.0002500000000001e+53 9.9995480972509621e+52
1.0001165454383938e+53 1.0002500000000001e+53 9.9995480972509621e+52 1.0009323635071494e+53 1.0010000000000002e+53 9.9963847780076975e+52
1
0 0 0 0 0 1 0.125 0 2 0 10000000000 1 9.3232734560603451e-51 0 -3.6161543196496199e-51 2 0.125 0 2.5 0 20000000000 2 0 1e-50 0 3 0.125 0 3 0 30000000000 3 3.6161543196496197e-57 0 9.3232734560603441e-57 4 0.125 0 3.5 0 40000000000
3
1.165409634026833e-51 2.5e-51 -4.520181245470205e-52 4.661637180049462e-51 1.25e-51 -1.808075994415628e-51
4.661637180049462e-51 1.25e-51 -1.808075994415628e-51 1.165409634026833e-51 2.5e-51 -4.520181245470205e-52
1.165409634026833e-51 2.5e-51 -4.520181245470205e-52 9.3232770722146642e-51 1e-50 -3.616144996376164e-51
1
0 0 9.9999999999999997e-48 9.9999999999999997e-48 9.9999999999999997e-48 1 0.125 0 2 0 10000000000 1 1.0009323273456061e-47 9.9999999999999997e-48 9.9963838456803503e-48 2 0.125 0 2.5 0 20000000000 2 9.9999999999999997e-48 1.001e-47 9.9999999999999997e-48 3 0.125 0 3 0 30000000000 3 1.0000000003616155e-47 9.9999999999999997e-48 1.0000000009323274e-47 4 0.125 0 3.5 0 40000000000
3
1.0001165409634027e-47 1.00025e-47 9.9995479818754527e-48 1.000466163718005e-47 1.000125e-47 9.9981919240055841e-48
1.000466163718005e-47 1.000125e-47 9.9981919240055841e-48 1.0001165409634027e-47 1.00025e-47 9.9995479818754527e-48
1.0001165409634027e-47 1.00025e-47 9.9995479818754527e-48 1.0009323277072215e-47 1.001e-47 9.9963838550036231e-48
1
0 0 0 0 0 1 0.125 0 2 0 10000000000 1 0.93232734560603447 0 -0.36161543196496199 2 0.125 0 2.5 0 20000000000 2 0 1 0 3 0.125 0 3 0 30000000000 3 3.6161543196496198e-07 0 9.3232734560603443e-07 4 0.125 0 3.5 0 40000000000
3
0.1165409634026833 0.25 -0.045201812454702048 0.46616371800494621 0.125 -0.1808075994415628
0.46616371800494621 0.125 -0.1808075994415628 0.1165409634026833 0.25 -0.045201812454702048
0.1165409634026833 0.25 -0.045201812454702048 0.93232770722146641 1 -0.36161449963761638
1
0 0 1000 1000 1000 1 0.125 0 2 0 10000000000 1 1000.932327345606 1000 999.63838456803501 2 0.125 0 2.5 0 20000000000 2 1000 1001 1000 3 0.125 0 3 0 30000000000 3 1000.0000003616154 1000 1000.0000009323273 4 0.125 0 3.5 0 40000000000
3
1000.1165409634027 1000.25 999.95479818754529 1000.466163718005 1000.125 999.81919240055845
1000.466163718005 1000.125 999.81919240055845 1000.1165409634027 1000.25 999.95479818754529
1000.1165409634027 1000.25 999.95479818754529 1000.9323277072215 1001 999.63838550036235
1
0 0 0 0 0 1 0.125 0 2 0 10000000000 1 9.3232734560603458e+49 0 -3.6161543196496203e+49 2 0.125 0 2.5 0 20000000000 2 0 1.0000000000000001e+50 0 3 0.125 0 3 0 30000000000 3 3.6161543196496202e+43 0 9.3232734560603454e+43 4 0.125 0 3.5 0 40000000000
3
1.1654096340268331e+49 2.5000000000000002e+49 -4.5201812454702052e+48 4.6616371800494624e+49 1.2500000000000001e+49 -1.8080759944156282e+49
4.6616371800494624e+49 1.2500000000000001e+49 -1.8080759944156282e+49 1.1654096340268331e+49 2.5000000000000002e+49 -4.5201812454702052e+48
1.1654096340268331e+49 2.5000000000000002e+49 -4.5201812454702052e+48 9.3232770722146645e+49 1.0000000000000001e+50 -3.6161449963761641e+49
1
0 0 9.9999999999999999e+52 9.9999999999999999e+52 9.9999999999999999e+52 1 0.125 0 2 0 10000000000 1 1.0009323273456062e+53 9.9999999999999999e+52 9.9963838456803501e+52 2 0.125 0 2.5 0 20000000000 2 9.9999999999999999e+52 1.0010000000000002e+53 9.9999999999999999e+52 3 0.125 0 3 0 30000000000 3 1.0000000003616155e+53 9.9999999999999999e+52 1.0000000009323273e+53 4 0.125 0 3.5 0 40000000000
3
1.0001165409634027e+53 1.0002500000000001e+53 9.9995479818754544e+52 1.000466163718005e+53 1.0001250000000002e+53 9.9981919240055847e+52
1.000466163718005e+53 1.0001250000000002e+53 9.9981919240055847e+52 1.0001165409634027e+53 1.0002500000000001e+53 9.9995479818754544e+52
1.0001165409634027e+53 1.0002500000000001e+53 9.9995479818754544e+52 1.0009323277072215e+53 1.0010000000000002e+53 9.9963838550036233e+52
1
0 0 0 0 0 1 0.125 0 2 0 10000000000 1 9.3232734560603451e-51 0 -3.6161543196496199e-51 2 0.125 0 2.5 0 20000000000 2 0 1e-50 0 3 0.125 0 3 0 30000000000 3 3.6161543196496199e-59 0 9.3232734560603451e-59 4 0.125 0 3.5 0 40000000000
3
1.1654091865277359e-51 2.5e-51 -4.5201927830211067e-52 4.6616367325503655e-51 1.25e-51 -1.8080771481707181e-51
4.6616367325503655e-51 1.25e-51 -1.8080771481707181e-51 1.1654091865277359e-51 2.5e-51 -4.5201927830211067e-52
1.1654091865277359e-51 2.5e-51 -4.5201927830211067e-52 9.3232734922218873e-51 1e-50 -3.6161542264168853e-51
1
0 0 9.9999999999999997e-48 9.9999999999999997e-48 9.9999999999999997e-48 1 0.125 0 2 0 10000000000 1 1.0009323273456061e-47 9.9999999999999997e-48 9.9963838456803503e-48 2 0.125 0 2.5 0 20000000000 2 9.9999999999999997e-48 1.001e-47 9.9999999999999997e-48 3 0.125 0 3 0 30000000000 3 1.0000000000036161e-47 9.9999999999999997e-48 1.0000000000093232e-47 4 0.125 0 3.5 0 40000000000
3
1.0001165409186528e-47 1.00025e-47 9.9995479807216971e-48 1.000466163673255e-47 1.000125e-47 9.9981919228518286e-48
1.000466163673255e-47 1.000125e-47 9.9981919228518286e-48 1.0001165409186528e-47 1.00025e-47 9.9995479807216971e-48
1.0001165409186528e-47 1.00025e-47 9.9995479807216971e-48 1.0009323273492222e-47 1.001e-47 9.9963838457735837e-48
1
0 0 0 0 0 1 0.125 0 2 0 10000000000 1 0.93232734560603447 0 -0.36161543196496199 2 0.125 0 2.5 0 20000000000 2 0 1 0 3 0.125 0 3 0 30000000000 3 3.6161543196496199e-09 0 9.3232734560603442e-09 4 0.125 0 3.5 0 40000000000
3
0.11654091865277359 0.25 -0.045201927830211069 0.46616367325503655 0.125 -0.18080771481707181
0.46616367325503655 0.125 -0.18080771481707181 0.11654091865277359 0.25 -0.045201927830211069
0.11654091865277359 0.25 -0.045201927830211069 0.93232734922218874 1 -0.36161542264168856
1
0 0 1000 1000 1000 1 0.125 0 2 0 10000000000 1 1000.932327345606 1000 999.63838456803501 2 0.125 0 2.5 0 20000000000 2 1000 1001 1000 3 0.125 0 3 0 30000000000 3 1000.0000000036162 1000 1000.0000000093232 4 0.125 0 3.5 0 40000000000
3
1000.1165409186527 1000.25 999.95479807216975 1000.466163673255 1000.125 999.81919228518291
1000.466163673255 1000.125 999.81919228518291 1000.1165409186527 1000.25 999.95479807216975
1000.1165409186527 1000.25 999.95479807216975 1000.9323273492222 1001 999.63838457735835
1
0 0 0 0 0 1 0.125 0 2 0 10000000000 1 9.3232734560603458e+49 0 -3.6161543196496203e+49 2 0.125 0 2.5 0 20000000000 2 0 1.0000000000000001e+50 0 3 0.125 0 3 0 30000000000 3 3.6161543196496203e+41 0 9.3232734560603446e+41 4 0.125 0 3.5 0 40000000000
3
1.1654091865277361e+49 2.5000000000000002e+49 -4.5201927830211074e+48 4.6616367325503659e+49 1.2500000000000001e+49 -1.8080771481707183e+49
4.6616367325503659e+49 1.2500000000000001e+49 -1.8080771481707183e+49 1.1654091865277361e+49 2.5000000000000002e+49 -4.5201927830211074e+48
1.1654091865277361e+49 2.5000000000000002e+49 -4.5201927830211074e+48 9.3232734922218885e+49 1.0000000000000001e+50 -3.6161542264168859e+49
1
0 0 9.9999999999999999e+52 9.9999999999999999e+52 9.9999999999999999e+52 1 0.125 0 2 0 10000000000 1 1.0009323273456062e+53 9.9999999999999999e+52 9.9963838456803501e+52 2 0.125 0 2.5 0 20000000000 2 9.9999999999999999e+52 1.0010000000000002e+53 9.9999999999999999e+52 3 0.125 0 3 0 30000000000 3 1.0000000000036161e+53 9.9999999999999999e+52 1.0000000000093233e+53 4 0.125 0 3.5 0 40000000000
3
1.0001165409186528e+53 1.0002500000000001e+53 9.9995479807216973e+52 1.0004661636732551e+53 1.0001250000000002e+53 9.9981919228518297e+52
1.0004661636732551e+53 1.0001250000000002e+53 9.9981919228518297e+52 1.0001165409186528e+53 1.0002500000000001e+53 9.9995479807216973e+52
1.0001165409186528e+53 1.0002500000000001e+53 9.9995479807216973e+52 1.0009323273492224e+53 1.0010000000000002e+53 9.9963838457735853e+52
1
0 0 0 0 0 1 0.125 0 2 0 10000000000 1 9.3232734560603451e-51 0 -3.6161543196496199e-51 2 0.125 0 2.5 0 20000000000 2 0 1e-50 0 3 0.125 0 3 0 30000000000 3 3.6161543196496197e-61 0 9.3232734560603446e-61 4 0.125 0 3.5 0 40000000000
3
1.165409182052745e-51 2.5e-51 -4.5201928983966153e-52 4.6616367280753744e-51 1.25e-51 -1.8080771597082691e-51
4.6616367280753744e-51 1.25e-51 -1.8080771597082691e-51 1.165409182052745e-51 2.5e-51 -4.5201928983966153e-52
1.165409182052745e-51 2.5e-51 -4.5201928983966153e-52 9.3232734564219601e-51 1e-50 -3.6161543187172923e-51
1
0 0 9.9999999999999997e-48 9.9999999999999997e-48 9.9999999999999997e-48 1 0.125 0 2 0 10000000000 1 1.0009323273456061e-47 9.9999999999999997e-48 9.9963838456803503e-48 2 0.125 0 2.5 0 20000000000 2 9.9999999999999997e-48 1.001e-47 9.9999999999999997e-48 3 0.125 0 3 0 30000000000 3 1.0000000000000362e-47 9.9999999999999997e-48 1.0000000000000932e-47 4 0.125 0 3.5 0 40000000000
3
1.0001165409182053e-47 1.00025e-47 9.9995479807101602e-48 1.0004661636728075e-47 1.000125e-47 9.9981919228402917e-48
1.0004661636728075e-47 1.000125e-47 9.9981919228402917e-48 1.0001165409182053e-47 1.00025e-47 9.9995479807101602e-48
1.0001165409182053e-47 1.00025e-47 9.9995479807101602e-48 1.0009323273456422e-47 1.001e-47 9.9963838456812825e-48
1
0 0 0 0 0 1 0.125 0 2 0 10000000000 1 0.93232734560603447 0 -0.36161543196496199 2 0.125 0 2.5 0 20000000000 2 0 1 0 3 0.125 0 3 0 30000000000 3 3.6161543196496199e-11 0 9.3232734560603448e-11 4 0.125 0 3.5 0 40000000000
3
0.1165409182052745 0.25 -0.045201928983966154 0.46616367280753745 0.125 -0.1808077159708269
0.46616367280753745 0.125 -0.1808077159708269 0.1165409182052745 0.25 -0.045201928983966154
0.1165409182052745 0.25 -0.045201928983966154 0.93232734564219599 1 -0.36161543187172923
1
0 0 1000 1000 1000 1 0.125 0 2 0 10000000000 1 1000.932327345606 1000 999.63838456803501 2 0.125 0 2.5 0 20000000000 2 1000 1001 1000 3 0.125 0 3 0 30000000000 3 1000.0000000000362 1000 1000.0000000000932 4 0.125 0 3.5 0 40000000000
3
1000.1165409182053 1000.25 999.95479807101606 1000.4661636728075 1000.125 999.81919228402921
1000.4661636728075 1000.125 999.81919228402921 1000.1165409182053 1000.25 999.95479807101606
1000.1165409182053 1000.25 999.95479807101606 1000.9323273456422 1001 999.63838456812823
1
0 0 0 0 0 1 0.125 0 2 0 10000000000 1 9.3232734560603458e+49 0 -3.6161543196496203e+49 2 0.125 0 2.5 0 20000000000 2 0 1.0000000000000001e+50 0 3 0.125 0 3 0 30000000000 3 3.6161543196496203e+39 0 9.3232734560603456e+39 4 0.125 0 3.5 0 40000000000
3
1.165409182052745e+49 2.5000000000000002e+49 -4.5201928983966157e+48 4.661636728075375e+49 1.2500000000000001e+49 -1.8080771597082691e+49
4.661636728075375e+49 1.2500000000000001e+49 -1.8080771597082691e+49 1.165409182052745e+49 2.5000000000000002e+49 -4.5201928983966157e+48
1.165409182052745e+49 2.5000000000000002e+49 -4.5201928983966157e+48 9.3232734564219602e+49 1.0000000000000001e+50 -3.6161543187172926e+49
1
0 0 9.9999999999999999e+52 9.9999999999999999e+52 9.9999999999999999e+52 1 0.125 0 2 0 10000000000 1 1.0009323273456062e+53 9.9999999999999999e+52 9.9963838456803501e+52 2 0.125 0 2.5 0 20000000000 2 9.9999999999999999e+52 1.0010000000000002e+53 9.9999999999999999e+52 3 0.125 0 3 0 30000000000 3 1.0000000000000361e+53 9.9999999999999999e+52 1.0000000000000934e+53 4 0.125 0 3.5 0 40000000000
3
1.0001165409182053e+53 1.0002500000000001e+53 9.9995479807101617e+52 1.0004661636728077e+53 1.0001250000000002e+53 9.998191922840292e+52
1.0004661636728077e+53 1.0001250000000002e+53 9.998191922840292e+52 1.0001165409182053e+53 1.0002500000000001e+53 9.9995479807101617e+52
1.0001165409182053e+53 1.0002500000000001e+53 9.9995479807101617e+52 1.0009323273456424e+53 1.0010000000000002e+53 9.9963838456812837e+52
24
0 0 0 0 0 1 0 0 1 0 1 4 0.29999999999999999 0 0 1 0 0 1 0 1 5 0.29999999999999999 1 0 1 0 0 1 0 1 7 0.29999999999999999 1 1 1 0 0 1 0 1
1 0 0 0 0 1 0 0 1 0 1 5 0.29999999999999999 1 0 1 0 0 1 0 1 1 0 1 0 1 0 0 1 0 1 7 0.29999999999999999 1 1 1 0 0 1 0 1
2 0 0 0 0 1 0 0 1 0 1 1 0 1 0 1 0 0 1 0 1 3 0 1 1 1 0 0 1 0 1 7 0.29999999999999999 1 1 1 0 0 1 0 1
3 0 0 0 0 1 0 0 1 0 1 3 0 1 1 1 0 0 1 0 1 2 0 0 1 1 0 0 1 0 1 7 0.29999999999999999 1 1 1 0 0 1 0 1
4 0 0 0 0 1 0 0 1 0 1 2 0 0 1 1 0 0 1 0 1 6 0.29999999999999999 0 1 1 0 0 1 0 1 7 0.29999999999999999 1 1 1 0 0 1 0 1
5 0 0 0 0 1 0 0 1 0 1 6 0.29999999999999999 0 1 1 0 0 1 0 1 4 0.29999999999999999 0 0 1 0 0 1 0 1 7 0.29999999999999999 1 1 1 0 0 1 0 1
6 4 0.29999999999999999 0 0 1 0 0 1 0 1 8 0.3000005 0 0 4000000000000 0 0 1 0 1 9 0.3000005 1 0 4000000000000 0 0 1 0 1 11 0.3000005 1 1 4000000000000 0 0 1 0 1
7 4 0.29999999999999999 0 0 1 0 0 1 0 1 9 0.3000005 1 0 4000000000000 0 0 1 0 1 5 0.29999999999999999 1 0 1 0 0 1 0 1 11 0.3000005 1 1 4000000000000 0 0 1 0 1
8 4 0.29999999999999999 0 0 1 0 0 1 0 1 5 0.29999999999999999 1 0 1 0 0 1 0 1 7 0.29999999999999999 1 1 1 0 0 1 0 1 11 0.3000005 1 1 4000000000000 0 0 1 0 1
9 4 0.29999999999999999 0 0 1 0 0 1 0 1 7 0.29999999999999999 1 1 1 0 0 1 0 1 6 0.29999999999999999 0 1 1 0 0 1 0 1 11 0.3000005 1 1 4000000000000 0 0 1 0 1
10 4 0.29999999999999999 0 0 1 0 0 1 0 1 6 0.29999999999999999 0 1 1 0 0 1 0 1 10 0.3000005 0 1 4000000000000 0 0 1 0 1 11 0.3000005 1 1 4000000000000 0 0 1 0 1
11 4 0.29999999999999999 0 0 1 0 0 1 0 1 10 0.3000005 0 1 4000000000000 0 0 1 0 1 8 0.3000005 0 0 4000000000000 0 0 1 0 1 11 0.3000005 1 1 4000000000000 0 0 1 0 1
12 8 0.3000005 0 0 4000000000000 0 0 1 0 1 12 0.30000100000000002 0 0 1 0 0 1 0 1 13 0.30000100000000002 1 0 1 0 0 1 0 1 15 0.30000100000000002 1 1 1 0 0 1 0 1
13 8 0.3000005 0 0 4000000000000 0 0 1 0 1 13 0.30000100000000002 1 0 1 0 0 1 0 1 9 0.3000005 1 0 4000000000000 0 0 1 0 1 15 0.30000100000000002 1 1 1 0 0 1 0 1
14 8 0.3000005 0 0 4000000000000 0 0 1 0 1 9 0.3000005 1 0 4000000000000 0 0 1 0 1 11 0.3000005 1 1 4000000000000 0 0 1 0 1 15 0.30000100000000002 1 1 1 0 0 1 0 1
15 8 0.3000005 0 0 4000000000000 0 0 1 0 1 11 0.3000005 1 1 4000000000000 0 0 1 0 1 10 0.3000005 0 1 4000000000000 0 0 1 0 1 15 0.30000100000000002 1 1 1 0 0 1 0 1
16 8 0.3000005 0 0 4000000000000 0 0 1 0 1 10 0.3000005 0 1 4000000000000 0 0 1 0 1 14 0.30000100000000002 0 1 1 0 0 1 0 1 15 0.30000100000000002 1 1 1 0 0 1 0 1
17 8 0.3000005 0 0 4000000000000 0 0 1 0 1 14 0.30000100000000002 0 1 1 0 0 1 0 1 12 0.30000100000000002 0 0 1 0 0 1 0 1 15 0.30000100000000002 1 1 1 0 0 1 0 1
18 12 0.30000100000000002 0 0 1 0 0 1 0 1 16 1 0 0 1 0 0 1 0 1 17 1 1 0 1 0 0 1 0 1 19 1 1 1 1 0 0 1 0 1
19 12 0.30000100000000002 0 0 1 0 0 1 0 1 17 1 1 0 1 0 0 1 0 1 13 0.30000100000000002 1 0 1 0 0 1 0 1 19 1 1 1 1 0 0 1 0 1
20 12 0.30000100000000002 0 0 1 0 0 1 0 1 13 0.30000100000000002 1 0 1 0 0 1 0 1 15 0.30000100000000002 1 1 1 0 0 1 0 1 19 1 1 1 1 0 0 1 0 1
21 12 0.30000100000000002 0 0 1 0 0 1 0 1 15 0.30000100000000002 1 1 1 0 0 1 0 1 14 0.30000100000000002 0 1 1 0 0 1 0 1 19 1 1 1 1 0 0 1 0 1
22 12 0.30000100000000002 0 0 1 0 0 1 0 1 14 0.30000100000000002 0 1 1 0 0 1 0 1 18 1 0 1 1 0 0 1 0 1 19 1 1 1 1 0 0 1 0 1
23 12 0.30000100000000002 0 0 1 0 0 1 0 1 18 1 0 1 1 0 0 1 0 1 16 1 0 0 1 0 0 1 0 1 19 1 1 1 1 0 0 1 0 1
3
0 0.25 0.25 1 0.25 0.25
1 0.25 0.25 0 0.25 0.25
0 0.125 0.29999999999999999 1 0.59999999999999998 0.69999999999999996
24
0 0 0 0 0 1 0 0 1 0 1 4 0.29999999999999999 0 0 1 0 0 1 0 1 5 0.29999999999999999 1 0 1 0 0 1 0 1 7 0.29999999999999999 1 1 1 0 0 1 0 1
1 0 0 0 0 1 0 0 1 0 1 5 0.29999999999999999 1 0 1 0 0 1 0 1 1 0 1 0 1 0 0 1 0 1 7 0.29999999999999999 1 1 1 0 0 1 0 1
2 0 0 0 0 1 0 0 1 0 1 1 0 1 0 1 0 0 1 0 1 3 0 1 1 1 0 0 1 0 1 7 0.29999999999999999 1 1 1 0 0 1 0 1
3 0 0 0 0 1 0 0 1 0 1 3 0 1 1 1 0 0 1 0 1 2 0 0 1 1 0 0 1 0 1 7 0.29999999999999999 1 1 1 0 0 1 0 1
4 0 0 0 0 1 0 0 1 0 1 2 0 0 1 1 0 0 1 0 1 6 0.29999999999999999 0 1 1 0 0 1 0 1 7 0.29999999999999999 1 1 1 0 0 1 0 1
5 0 0 0 0 1 0 0 1 0 1 6 0.29999999999999999 0 1 1 0 0 1 0 1 4 0.29999999999999999 0 0 1 0 0 1 0 1 7 0.29999999999999999 1 1 1 0 0 1 0 1
6 4 0.29999999999999999 0 0 1 0 0 1 0 1 8 0.30000000000000004 0 0 4.0000000000000002e+32 0 0 1 0 1 9 0.30000000000000004 1 0 4.0000000000000002e+32 0 0 1 0 1 11 0.30000000000000004 1 1 4.0000000000000002e+32 0 0 1 0 1
7 4 0.29999999999999999 0 0 1 0 0 1 0 1 9 0.30000000000000004 1 0 4.0000000000000002e+32 0 0 1 0 1 5 0.29999999999999999 1 0 1 0 0 1 0 1 11 0.30000000000000004 1 1 4.0000000000000002e+32 0 0 1 0 1
8 4 0.29999999999999999 0 0 1 0 0 1 0 1 5 0.29999999999999999 1 0 1 0 0 1 0 1 7 0.29999999999999999 1 1 1 0 0 1 0 1 11 0.30000000000000004 1 1 4.0000000000000002e+32 0 0 1 0 1
9 4 0.29999999999999999 0 0 1 0 0 1 0 1 7 0.29999999999999999 1 1 1 0 0 1 0 1 6 0.29999999999999999 0 1 1 0 0 1 0 1 11 0.30000000000000004 1 1 4.0000000000000002e+32 0 0 1 0 1
10 4 0.29999999999999999 0 0 1 0 0 1 0 1 6 0.29999999999999999 0 1 1 0 0 1 0 1 10 0.30000000000000004 0 1 4.0000000000000002e+32 0 0 1 0 1 11 0.30000000000000004 1 1 4.0000000000000002e+32 0 0 1 0 1
11 4 0.29999999999999999 0 0 1 0 0 1 0 1 10 0.30000000000000004 0 1 4.0000000000000002e+32 0 0 1 0 1 8 0.30000000000000004 0 0 4.0000000000000002e+32 0 0 1 0 1 11 0.30000000000000004 1 1 4.0000000000000002e+32 0 0 1 0 1
12 8 0.30000000000000004 0 0 4.0000000000000002e+32 0 0 1 0 1 12 0.3000000000000001 0 0 1 0 0 1 0 1 13 0.3000000000000001 1 0 1 0 0 1 0 1 15 0.3000000000000001 1 1 1 0 0 1 0 1
13 8 0.30000000000000004 0 0 4.0000000000000002e+32 0 0 1 0 1 13 0.3000000000000001 1 0 1 0 0 1 0 1 9 0.30000000000000004 1 0 4.0000000000000002e+32 0 0 1 0 1 15 0.3000000000000001 1 1 1 0 0 1 0 1
14 8 0.30000000000000004 0 0 4.0000000000000002e+32 0 0 1 0 1 9 0.30000000000000004 1 0 4.0000000000000002e+32 0 0 1 0 1 11 0.30000000000000004 1 1 4.0000000000000002e+32 0 0 1 0 1 15 0.3000000000000001 1 1 1 0 0 1 0 1
15 8 0.30000000000000004 0 0 4.0000000000000002e+32 0 0 1 0 1 11 0.30000000000000004 1 1 4.0000000000000002e+32 0 0 1 0 1 10 0.30000000000000004 0 1 4.0000000000000002e+32 0 0 1 0 1 15 0.3000000000000001 1 1 1 0 0 1 0 1
16 8 0.30000000000000004 0 0 4.0000000000000002e+32 0 0 1 0 1 10 0.30000000000000004 0 1 4.0000000000000002e+32 0 0 1 0 1 14 0.3000000000000001 0 1 1 0 0 1 0 1 15 0.3000000000000001 1 1 1 0 0 1 0 1
17 8 0.30000000000000004 0 0 4.0000000000000002e+32 0 0 1 0 1 14 0.3000000000000001 0 1 1 0 0 1 0 1 12 0.3000000000000001 0 0 1 0 0 1 0 1 15 0.3000000000000001 1 1 1 0 0 1 0 1
18 12 0.3000000000000001 0 0 1 0 0 1 0 1 16 1 0 0 1 0 0 1 0 1 17 1 1 0 1 0 0 1 0 1 19 1 1 1 1 0 0 1 0 1
19 12 0.3000000000000001 0 0 1 0 0 1 0 1 17 1 1 0 1 0 0 1 0 1 13 0.3000000000000001 1 0 1 0 0 1 0 1 19 1 1 1 1 0 0 1 0 1
20 12 0.3000000000000001 0 0 1 0 0 1 0 1 13 0.3000000000000001 1 0 1 0 0 1 0 1 15 0.3000000000000001 1 1 1 0 0 1 0 1 19 1 1 1 1 0 0 1 0 1
21 12 0.3000000000000001 0 0 1 0 0 1 0 1 15 0.3000000000000001 1 1 1 0 0 1 0 1 14 0.3000000000000001 0 1 1 0 0 1 0 1 19 1 1 1 1 0 0 1 0 1
22 12 0.3000000000000001 0 0 1 0 0 1 0 1 14 0.3000000000000001 0 1 1 0 0 1 0 1 18 1 0 1 1 0 0 1 0 1 19 1 1 1 1 0 0 1 0 1
23 12 0.3000000000000001 0 0 1 0 0 1 0 1 18 1 0 1 1 0 0 1 0 1 16 1 0 0 1 0 0 1 0 1 19 1 1 1 1 0 0 1 0 1
3
0 0.25 0.25 1 0.25 0.25
1 0.25 0.25 0 0.25 0.25
0 0.125 0.29999999999999999 1 0.59999999999999998 0.69999999999999996
24
0 0 -1e+100 0 0 1e-100 0 0 1 0 1 4 0 0 0 1e-100 0 0 1 0 1 5 0 1 0 1e-100 0 0 1 0 1 7 0 1 1 1e-100 0 0 1 0 1
1 0 -1e+100 0 0 1e-100 0 0 1 0 1 5 0 1 0 1e-100 0 0 1 0 1 1 -1e+100 1 0 1e-100 0 0 1 0 1 7 0 1 1 1e-100 0 0 1 0 1
2 0 -1e+100 0 0 1e-100 0 0 1 0 1 1 -1e+100 1 0 1e-100 0 0 1 0 1 3 -1e+100 1 1 1e-100 0 0 1 0 1 7 0 1 1 1e-100 0 0 1 0 1
3 0 -1e+100 0 0 1e-100 0 0 1 0 1 3 -1e+100 1 1 1e-100 0 0 1 0 1 2 -1e+100 0 1 1e-100 0 0 1 0 1 7 0 1 1 1e-100 0 0 1 0 1
4 0 -1e+100 0 0 1e-100 0 0 1 0 1 2 -1e+100 0 1 1e-100 0 0 1 0 1 6 0 0 1 1e-100 0 0 1 0 1 7 0 1 1 1e-100 0 0 1 0 1
5 0 -1e+100 0 0 1e-100 0 0 1 0 1 6 0 0 1 1e-100 0 0 1 0 1 4 0 0 0 1e-100 0 0 1 0 1 7 0 1 1 1e-100 0 0 1 0 1
6 4 0 0 0 1e-100 0 0 1 0 1 8 0.5 0 0 1e+100 0 0 1 0 1 9 0.5 1 0 1e+100 0 0 1 0 1 11 0.5 1 1 1e+100 0 0 1 0 1
7 4 0 0 0 1e-100 0 0 1 0 1 9 0.5 1 0 1e+100 0 0 1 0 1 5 0 1 0 1e-100 0 0 1 0 1 11 0.5 1 1 1e+100 0 0 1 0 1
8 4 0 0 0 1e-100 0 0 1 0 1 5 0 1 0 1e-100 0 0 1 0 1 7 0 1 1 1e-100 0 0 1 0 1 11 0.5 1 1 1e+100 0 0 1 0 1
9 4 0 0 0 1e-100 0 0 1 0 1 7 0 1 1 1e-100 0 0 1 0 1 6 0 0 1 1e-100 0 0 1 0 1 11 0.5 1 1 1e+100 0 0 1 0 1
10 4 0 0 0 1e-100 0 0 1 0 1 6 0 0 1 1e-100 0 0 1 0 1 10 0.5 0 1 1e+100 0 0 1 0 1 11 0.5 1 1 1e+100 0 0 1 0 1
11 4 0 0 0 1e-100 0 0 1 0 1 10 0.5 0 1 1e+100 0 0 1 0 1 8 0.5 0 0 1e+100 0 0 1 0 1 11 0.5 1 1 1e+100 0 0 1 0 1
12 8 0.5 0 0 1e+100 0 0 1 0 1 12 1 0 0 1e-100 0 0 1 0 1 13 1 1 0 1e-100 0 0 1 0 1 15 1 1 1 1e-100 0 0 1 0 1
13 8 0.5 0 0 1e+100 0 0 1 0 1 13 1 1 0 1e-100 0 0 1 0 1 9 0.5 1 0 1e+100 0 0 1 0 1 15 1 1 1 1e-100 0 0 1 0 1
14 8 0.5 0 0 1e+100 0 0 1 0 1 9 0.5 1 0 1e+100 0 0 1 0 1 11 0.5 1 1 1e+100 0 0 1 0 1 15 1 1 1 1e-100 0 0 1 0 1
15 8 0.5 0 0 1e+100 0 0 1 0 1 11 0.5 1 1 1e+100 0 0 1 0 1 10 0.5 0 1 1e+100 0 0 1 0 1 15 1 1 1 1e-100 0 0 1 0 1
16 8 0.5 0 0 1e+100 0 0 1 0 1 10 0.5 0 1 1e+100 0 0 1 0 1 14 1 0 1 1e-100 0 0 1 0 1 15 1 1 1 1e-100 0 0 1 0 1
17 8 0.5 0 0 1e+100 0 0 1 0 1 14 1 0 1 1e-100 0 0 1 0 1 12 1 0 0 1e-100 0 0 1 0 1 15 1 1 1 1e-100 0 0 1 0 1
18 12 1 0 0 1e-100 0 0 1 0 1 16 1e+100 0 0 1e-100 0 0 1 0 1 17 1e+100 1 0 1e-100 0 0 1 0 1 19 1e+100 1 1 1e-100 0 0 1 0 1
19 12 1 0 0 1e-100 0 0 1 0 1 17 1e+100 1 0 1e-100 0 0 1 0 1 13 1 1 0 1e-100 0 0 1 0 1 19 1e+100 1 1 1e-100 0 0 1 0 1
20 12 1 0 0 1e-100 0 0 1 0 1 13 1 1 0 1e-100 0 0 1 0 1 15 1 1 1 1e-100 0 0 1 0 1 19 1e+100 1 1 1e-100 0 0 1 0 1
21 12 1 0 0 1e-100 0 0 1 0 1 15 1 1 1 1e-100 0 0 1 0 1 14 1 0 1 1e-100 0 0 1 0 1 19 1e+100 1 1 1e-100 0 0 1 0 1
22 12 1 0 0 1e-100 0 0 1 0 1 14 1 0 1 1e-100 0 0 1 0 1 18 1e+100 0 1 1e-100 0 0 1 0 1 19 1e+100 1 1 1e-100 0 0 1 0 1
23 12 1 0 0 1e-100 0 0 1 0 1 18 1e+100 0 1 1e-100 0 0 1 0 1 16 1e+100 0 0 1e-100 0 0 1 0 1 19 1e+100 1 1 1e-100 0 0 1 0 1
3
-1e+100 0.25 0.25 1e+100 0.25 0.25
1e+100 0.25 0.25 -1e+100 0.25 0.25
-1e+100 0.125 0.29999999999999999 1e+100 0.59999999999999998 0.69999999999999996
2
0 0 0 0 0 1 0 0 1 0 1 1 1 0 0 1 0 0 1 0 1 2 0 1 0 1 0 0 1 0 1 3 0 0 1 1 0 0 1 0 1
1 1 1 0 0 1 0 0 1 0 1 0 0 0 0 1 0 0 1 0 1 2 0 1 0 1 0 0 1 0 1 4 0 0 -1 1 0 0 1 0 1
2
0.125 0.125 0 0.5 0.125 0
0 0 -1 0 0 1
2
0 0 0 0 0 1 0 0 1 0 1 1 1 0 0 1 0 0 1 0 1 2 0 1 0 1 0 0 1 0 1 3 0 0 1 1 0 0 1 0 1
1 4 3 0 0 1 0 0 1 0 1 5 4 0 0 1 0 0 1 0 1 6 3 1 0 1 0 0 1 0 1 7 3 0 1 1 0 0 1 0 1
1
0.125 0.125 0.125 3.125 0.125 0.125
2
0 0 0 0 0 1 0 0 1 0 1 1 1 0 0 1 0 0 1 0 1 2 0 1 0 1 0 0 1 0 1 3 0 0 1 1 0 0 1 0 1
1 4 0 0 0 1 0 0 1 0 1 5 1 0 0 1 0 0 1 0 1 6 0 1 0 1 0 0 1 0 1 7 0 0 1 1 0 0 1 0 1
1
0.10000000000000001 0.10000000000000001 0.10000000000000001 0.20000000000000001 0.10000000000000001 0.10000000000000001
0
1
0 0 0 1 0 0
